0 0.502814 0.312500 0.502485 0.316192 0.501531 0.319523 0.500044 0.322166 0.498171 0.323863 0.496094 0.324448 0.494017 0.323863 0.492144 0.322166 0.490657 0.319523 0.489702 0.316192 0.489373 0.312500 0.489702 0.308808 0.490657 0.305477 0.492144 0.302834 0.494017 0.301137 0.496094 0.300552 0.498171 0.301137 0.500044 0.302834 0.501531 0.305477 0.502485 0.308808
0 0.440089 0.559722 0.439656 0.564578 0.438401 0.568958 0.436445 0.572435 0.433981 0.574667 0.431250 0.575436 0.428519 0.574667 0.426055 0.572435 0.424099 0.568958 0.422844 0.564578 0.422411 0.559722 0.422844 0.554867 0.424099 0.550486 0.426055 0.547010 0.428519 0.544778 0.431250 0.544009 0.433981 0.544778 0.436445 0.547010 0.438401 0.550486 0.439656 0.554867
0 0.739844 0.608333 0.739461 0.612625 0.738352 0.616497 0.736623 0.619569 0.734445 0.621542 0.732031 0.622222 0.729617 0.621542 0.727439 0.619569 0.725711 0.616497 0.724601 0.612625 0.724219 0.608333 0.724601 0.604041 0.725711 0.600170 0.727439 0.597097 0.729617 0.595124 0.732031 0.594444 0.734445 0.595124 0.736623 0.597097 0.738352 0.600170 0.739461 0.604041
1 0.291876 0.422222 0.291165 0.430206 0.289100 0.437408 0.285885 0.443123 0.281834 0.446793 0.277344 0.448057 0.272853 0.446793 0.268802 0.443123 0.265587 0.437408 0.263523 0.430206 0.262812 0.422222 0.263523 0.414239 0.265587 0.407037 0.268802 0.401321 0.272853 0.397652 0.277344 0.396387 0.281834 0.397652 0.285885 0.401321 0.289100 0.407037 0.291165 0.414239
1 0.370001 0.386111 0.369289 0.394094 0.367225 0.401296 0.364010 0.407012 0.359959 0.410681 0.355469 0.411946 0.350978 0.410681 0.346927 0.407012 0.343712 0.401296 0.341648 0.394094 0.340937 0.386111 0.341648 0.378128 0.343712 0.370926 0.346927 0.365210 0.350978 0.361541 0.355469 0.360276 0.359959 0.361541 0.364010 0.365210 0.367225 0.370926 0.369289 0.378128
1 0.444348 0.412500 0.443783 0.418837 0.442145 0.424554 0.439593 0.429091 0.436377 0.432003 0.432812 0.433007 0.429248 0.432003 0.426032 0.429091 0.423480 0.424554 0.421842 0.418837 0.421277 0.412500 0.421842 0.406163 0.423480 0.400446 0.426032 0.395909 0.429248 0.392997 0.432812 0.391993 0.436377 0.392997 0.439593 0.395909 0.442145 0.400446 0.443783 0.406163
1 0.581731 0.426389 0.580943 0.435237 0.578655 0.443219 0.575092 0.449553 0.570602 0.453620 0.565625 0.455022 0.560648 0.453620 0.556158 0.449553 0.552595 0.443219 0.550307 0.435237 0.549519 0.426389 0.550307 0.417541 0.552595 0.409559 0.556158 0.403225 0.560648 0.399158 0.565625 0.397756 0.570602 0.399158 0.575092 0.403225 0.578655 0.409559 0.580943 0.417541
1 0.643438 0.369444 0.642727 0.377428 0.640663 0.384630 0.637448 0.390345 0.633397 0.394015 0.628906 0.395279 0.624416 0.394015 0.620365 0.390345 0.617150 0.384630 0.615086 0.377428 0.614374 0.369444 0.615086 0.361461 0.617150 0.354259 0.620365 0.348544 0.624416 0.344874 0.628906 0.343610 0.633397 0.344874 0.637448 0.348544 0.640663 0.354259 0.642727 0.361461
1 0.736121 0.273611 0.735386 0.281867 0.733251 0.289314 0.729927 0.295225 0.725738 0.299019 0.721094 0.300327 0.716450 0.299019 0.712261 0.295225 0.708936 0.289314 0.706802 0.281867 0.706066 0.273611 0.706802 0.265355 0.708936 0.257908 0.712261 0.251998 0.716450 0.248203 0.721094 0.246895 0.725738 0.248203 0.729927 0.251998 0.733251 0.257908 0.735386 0.265355
1 0.809844 0.368056 0.809133 0.376039 0.807069 0.383241 0.803854 0.388956 0.799803 0.392626 0.795312 0.393890 0.790822 0.392626 0.786771 0.388956 0.783556 0.383241 0.781492 0.376039 0.780780 0.368056 0.781492 0.360072 0.783556 0.352870 0.786771 0.347155 0.790822 0.343485 0.795312 0.342221 0.799803 0.343485 0.803854 0.347155 0.807069 0.352870 0.809133 0.360072
1 0.820330 0.551389 0.819488 0.560841 0.817044 0.569367 0.813238 0.576134 0.808442 0.580479 0.803125 0.581976 0.797808 0.580479 0.793012 0.576134 0.789206 0.569367 0.786762 0.560841 0.785920 0.551389 0.786762 0.541937 0.789206 0.533410 0.793012 0.526644 0.797808 0.522299 0.803125 0.520802 0.808442 0.522299 0.813238 0.526644 0.817044 0.533410 0.819488 0.541937
1 0.653148 0.570833 0.652497 0.578142 0.650607 0.584736 0.647664 0.589968 0.643955 0.593328 0.639844 0.594485 0.635733 0.593328 0.632024 0.589968 0.629081 0.584736 0.627191 0.578142 0.626540 0.570833 0.627191 0.563524 0.629081 0.556931 0.632024 0.551698 0.635733 0.548339 0.639844 0.547181 0.643955 0.548339 0.647664 0.551698 0.650607 0.556931 0.652497 0.563524
1 0.585401 0.594444 0.584662 0.602733 0.582519 0.610211 0.579181 0.616145 0.574975 0.619955 0.570312 0.621268 0.565650 0.619955 0.561444 0.616145 0.558106 0.610211 0.555963 0.602733 0.555224 0.594444 0.555963 0.586155 0.558106 0.578678 0.561444 0.572743 0.565650 0.568933 0.570312 0.567621 0.574975 0.568933 0.579181 0.572743 0.582519 0.578678 0.584662 0.586155
1 0.504756 0.752778 0.504103 0.760112 0.502207 0.766728 0.499253 0.771979 0.495532 0.775350 0.491406 0.776511 0.487281 0.775350 0.483559 0.771979 0.480606 0.766728 0.478710 0.760112 0.478056 0.752778 0.478710 0.745444 0.480606 0.738828 0.483559 0.733577 0.487281 0.730206 0.491406 0.729044 0.495532 0.730206 0.499253 0.733577 0.502207 0.738828 0.504103 0.745444
1 0.371094 0.643056 0.370444 0.650352 0.368557 0.656934 0.365619 0.662157 0.361917 0.665511 0.357812 0.666667 0.353708 0.665511 0.350006 0.662157 0.347068 0.656934 0.345181 0.650352 0.344531 0.643056 0.345181 0.635759 0.347068 0.629177 0.350006 0.623954 0.353708 0.620600 0.357812 0.619444 0.361917 0.620600 0.365619 0.623954 0.368557 0.629177 0.370444 0.635759
1 0.294556 0.620833 0.293943 0.627714 0.292164 0.633921 0.289393 0.638847 0.285902 0.642009 0.282031 0.643099 0.278161 0.642009 0.274670 0.638847 0.271899 0.633921 0.270120 0.627714 0.269507 0.620833 0.270120 0.613953 0.271899 0.607746 0.274670 0.602820 0.278161 0.599658 0.282031 0.598568 0.285902 0.599658 0.289393 0.602820 0.292164 0.607746 0.293943 0.613953
