0 0.503174 0.311111 0.502865 0.314571 0.501971 0.317693 0.500577 0.320170 0.498821 0.321761 0.496875 0.322309 0.494929 0.321761 0.493173 0.320170 0.491779 0.317693 0.490885 0.314571 0.490576 0.311111 0.490885 0.307651 0.491779 0.304529 0.493173 0.302052 0.494929 0.300462 0.496875 0.299914 0.498821 0.300462 0.500577 0.302052 0.501971 0.304529 0.502865 0.307651
0 0.439203 0.558333 0.438776 0.563132 0.437535 0.567461 0.435603 0.570896 0.433168 0.573102 0.430469 0.573862 0.427770 0.573102 0.425335 0.570896 0.423402 0.567461 0.422162 0.563132 0.421734 0.558333 0.422162 0.553535 0.423402 0.549206 0.425335 0.545771 0.427770 0.543565 0.430469 0.542805 0.433168 0.543565 0.435603 0.545771 0.437535 0.549206 0.438776 0.553535
0 0.739844 0.609722 0.739461 0.614014 0.738352 0.617886 0.736623 0.620958 0.734445 0.622931 0.732031 0.623611 0.729617 0.622931 0.727439 0.620958 0.725711 0.617886 0.724601 0.614014 0.724219 0.609722 0.724601 0.605430 0.725711 0.601559 0.727439 0.598486 0.729617 0.596513 0.732031 0.595833 0.734445 0.596513 0.736623 0.598486 0.738352 0.601559 0.739461 0.605430
1 0.291816 0.419444 0.291222 0.426107 0.289499 0.432118 0.286816 0.436888 0.283435 0.439950 0.279687 0.441006 0.275940 0.439950 0.272559 0.436888 0.269876 0.432118 0.268153 0.426107 0.267559 0.419444 0.268153 0.412782 0.269876 0.406771 0.272559 0.402001 0.275940 0.398939 0.279687 0.397883 0.283435 0.398939 0.286816 0.402001 0.289499 0.406771 0.291222 0.412782
1 0.371639 0.383333 0.370886 0.391787 0.368700 0.399414 0.365295 0.405466 0.361005 0.409352 0.356250 0.410691 0.351495 0.409352 0.347205 0.405466 0.343800 0.399414 0.341614 0.391787 0.340861 0.383333 0.341614 0.374879 0.343800 0.367252 0.347205 0.361200 0.351495 0.357314 0.356250 0.355975 0.361005 0.357314 0.365295 0.361200 0.368700 0.367252 0.370886 0.374879
1 0.448219 0.411111 0.447541 0.418716 0.445575 0.425577 0.442512 0.431022 0.438653 0.434518 0.434375 0.435722 0.430097 0.434518 0.426238 0.431022 0.423175 0.425577 0.421209 0.418716 0.420531 0.411111 0.421209 0.403506 0.423175 0.396645 0.426238 0.391200 0.430097 0.387704 0.434375 0.386500 0.438653 0.387704 0.442512 0.391200 0.445575 0.396645 0.447541 0.403506
1 0.576346 0.430556 0.575592 0.439021 0.573403 0.446657 0.569994 0.452717 0.565699 0.456608 0.560937 0.457949 0.556176 0.456608 0.551881 0.452717 0.548472 0.446657 0.546283 0.439021 0.545529 0.430556 0.546283 0.422091 0.548472 0.414454 0.551881 0.408394 0.556176 0.404503 0.560937 0.403163 0.565699 0.404503 0.569994 0.408394 0.573403 0.414454 0.575592 0.422091
1 0.648417 0.368056 0.647691 0.376199 0.645586 0.383545 0.642307 0.389375 0.638174 0.393118 0.633594 0.394408 0.629013 0.393118 0.624881 0.389375 0.621602 0.383545 0.619496 0.376199 0.618771 0.368056 0.619496 0.359912 0.621602 0.352566 0.624881 0.346736 0.629013 0.342993 0.633594 0.341703 0.638174 0.342993 0.642307 0.346736 0.645586 0.352566 0.647691 0.359912
1 0.735588 0.273611 0.734955 0.280715 0.733118 0.287124 0.730257 0.292210 0.726652 0.295476 0.722656 0.296601 0.718660 0.295476 0.715055 0.292210 0.712194 0.287124 0.710357 0.280715 0.709724 0.273611 0.710357 0.266507 0.712194 0.260098 0.715055 0.255012 0.718660 0.251746 0.722656 0.250621 0.726652 0.251746 0.730257 0.255012 0.733118 0.260098 0.734955 0.266507
1 0.805122 0.369444 0.804527 0.376121 0.802801 0.382144 0.800112 0.386924 0.796724 0.389993 0.792969 0.391050 0.789213 0.389993 0.785825 0.386924 0.783136 0.382144 0.781410 0.376121 0.780815 0.369444 0.781410 0.362768 0.783136 0.356745 0.785825 0.351965 0.789213 0.348896 0.792969 0.347838 0.796724 0.348896 0.800112 0.351965 0.802801 0.356745 0.804527 0.362768
1 0.818585 0.554167 0.817866 0.562230 0.815781 0.569505 0.812534 0.575278 0.808442 0.578984 0.803906 0.580262 0.799370 0.578984 0.795278 0.575278 0.792031 0.569505 0.789946 0.562230 0.789228 0.554167 0.789946 0.546103 0.792031 0.538828 0.795278 0.533055 0.799370 0.529349 0.803906 0.528072 0.808442 0.529349 0.812534 0.533055 0.815781 0.538828 0.817866 0.546103
1 0.660466 0.566667 0.659686 0.575420 0.657422 0.583317 0.653897 0.589584 0.649455 0.593608 0.644531 0.594994 0.639607 0.593608 0.635165 0.589584 0.631640 0.583317 0.629377 0.575420 0.628597 0.566667 0.629377 0.557913 0.631640 0.550016 0.635165 0.543749 0.639607 0.539725 0.644531 0.538339 0.649455 0.539725 0.653897 0.543749 0.657422 0.550016 0.659686 0.557913
1 0.583245 0.593056 0.582612 0.600160 0.580775 0.606569 0.577914 0.611655 0.574309 0.614921 0.570312 0.616046 0.566316 0.614921 0.562711 0.611655 0.559850 0.606569 0.558013 0.600160 0.557380 0.593056 0.558013 0.585951 0.559850 0.579542 0.562711 0.574456 0.566316 0.571190 0.570312 0.570065 0.574309 0.571190 0.577914 0.574456 0.580775 0.579542 0.582612 0.585951
1 0.505448 0.752778 0.504723 0.760921 0.502617 0.768267 0.499338 0.774097 0.495206 0.777840 0.490625 0.779130 0.486044 0.777840 0.481912 0.774097 0.478633 0.768267 0.476527 0.760921 0.475802 0.752778 0.476527 0.744634 0.478633 0.737288 0.481912 0.731458 0.486044 0.727715 0.490625 0.726425 0.495206 0.727715 0.499338 0.731458 0.502617 0.737288 0.504723 0.744634
1 0.370208 0.640278 0.369639 0.646658 0.367990 0.652414 0.365420 0.656982 0.362183 0.659915 0.358594 0.660925 0.355005 0.659915 0.351767 0.656982 0.349198 0.652414 0.347548 0.646658 0.346980 0.640278 0.347548 0.633897 0.349198 0.628142 0.351767 0.623574 0.355005 0.620641 0.358594 0.619631 0.362183 0.620641 0.365420 0.623574 0.367990 0.628142 0.369639 0.633897
1 0.290857 0.620833 0.290272 0.627399 0.288575 0.633321 0.285931 0.638022 0.282599 0.641039 0.278906 0.642079 0.275213 0.641039 0.271882 0.638022 0.269238 0.633321 0.267540 0.627399 0.266955 0.620833 0.267540 0.614268 0.269238 0.608345 0.271882 0.603645 0.275213 0.600627 0.278906 0.599587 0.282599 0.600627 0.285931 0.603645 0.288575 0.608345 0.290272 0.614268
