0 0.503290 0.309722 0.503014 0.312817 0.502214 0.315609 0.500968 0.317825 0.499397 0.319247 0.497656 0.319737 0.495915 0.319247 0.494345 0.317825 0.493099 0.315609 0.492298 0.312817 0.492023 0.309722 0.492298 0.306627 0.493099 0.303835 0.494345 0.301620 0.495915 0.300197 0.497656 0.299707 0.499397 0.300197 0.500968 0.301620 0.502214 0.303835 0.503014 0.306627
0 0.439765 0.558333 0.439387 0.562582 0.438288 0.566415 0.436577 0.569457 0.434421 0.571410 0.432031 0.572083 0.429641 0.571410 0.427485 0.569457 0.425774 0.566415 0.424676 0.562582 0.424297 0.558333 0.424676 0.554085 0.425774 0.550252 0.427485 0.547210 0.429641 0.545257 0.432031 0.544584 0.434421 0.545257 0.436577 0.547210 0.438288 0.550252 0.439387 0.554085
0 0.740482 0.611111 0.740068 0.615753 0.738868 0.619941 0.736998 0.623265 0.734643 0.625399 0.732031 0.626134 0.729420 0.625399 0.727064 0.623265 0.725195 0.619941 0.723994 0.615753 0.723581 0.611111 0.723994 0.606469 0.725195 0.602281 0.727064 0.598957 0.729420 0.596823 0.732031 0.596088 0.734643 0.596823 0.736998 0.598957 0.738868 0.602281 0.740068 0.606469
1 0.290314 0.420833 0.289794 0.426671 0.288284 0.431937 0.285933 0.436116 0.282971 0.438800 0.279687 0.439724 0.276404 0.438800 0.273442 0.436116 0.271091 0.431937 0.269581 0.426671 0.269061 0.420833 0.269581 0.414996 0.271091 0.409729 0.273442 0.405550 0.276404 0.402867 0.279687 0.401942 0.282971 0.402867 0.285933 0.405550 0.288284 0.409729 0.289794 0.414996
1 0.368819 0.379167 0.368165 0.386501 0.366269 0.393117 0.363316 0.398367 0.359594 0.401738 0.355469 0.402900 0.351343 0.401738 0.347622 0.398367 0.344668 0.393117 0.342772 0.386501 0.342119 0.379167 0.342772 0.371833 0.344668 0.365217 0.347622 0.359966 0.351343 0.356595 0.355469 0.355433 0.359594 0.356595 0.363316 0.359966 0.366269 0.365217 0.368165 0.371833
1 0.446728 0.412500 0.446123 0.419286 0.444369 0.425408 0.441636 0.430266 0.438192 0.433386 0.434375 0.434461 0.430558 0.433386 0.427114 0.430266 0.424381 0.425408 0.422627 0.419286 0.422022 0.412500 0.422627 0.405714 0.424381 0.399592 0.427114 0.394734 0.430558 0.391614 0.434375 0.390539 0.438192 0.391614 0.441636 0.394734 0.444369 0.399592 0.446123 0.405714
1 0.580448 0.427778 0.579723 0.435921 0.577617 0.443267 0.574338 0.449097 0.570206 0.452840 0.565625 0.454130 0.561044 0.452840 0.556912 0.449097 0.553633 0.443267 0.551527 0.435921 0.550802 0.427778 0.551527 0.419634 0.553633 0.412288 0.556912 0.406458 0.561044 0.402715 0.565625 0.401425 0.570206 0.402715 0.574338 0.406458 0.577617 0.412288 0.579723 0.419634
1 0.643773 0.362500 0.643122 0.369809 0.641232 0.376402 0.638289 0.381635 0.634580 0.384994 0.630469 0.386152 0.626358 0.384994 0.622649 0.381635 0.619706 0.376402 0.617816 0.369809 0.617165 0.362500 0.617816 0.355191 0.619706 0.348598 0.622649 0.343365 0.626358 0.340006 0.630469 0.338848 0.634580 0.340006 0.638289 0.343365 0.641232 0.348598 0.643122 0.355191
1 0.738883 0.280556 0.737974 0.290757 0.735336 0.299960 0.731228 0.307264 0.726051 0.311953 0.720313 0.313569 0.714574 0.311953 0.709397 0.307264 0.705289 0.299960 0.702651 0.290757 0.701742 0.280556 0.702651 0.270354 0.705289 0.261151 0.709397 0.253847 0.714574 0.249158 0.720313 0.247542 0.726051 0.249158 0.731228 0.253847 0.735336 0.261151 0.737974 0.270354
1 0.807501 0.368056 0.806981 0.373893 0.805472 0.379159 0.803121 0.383339 0.800159 0.386022 0.796875 0.386947 0.793591 0.386022 0.790629 0.383339 0.788278 0.379159 0.786769 0.373893 0.786249 0.368056 0.786769 0.362218 0.788278 0.356952 0.790629 0.352772 0.793591 0.350089 0.796875 0.349165 0.800159 0.350089 0.803121 0.352772 0.805472 0.356952 0.806981 0.362218
1 0.821950 0.550000 0.821143 0.559054 0.818802 0.567221 0.815156 0.573703 0.810562 0.577865 0.805469 0.579299 0.800376 0.577865 0.795782 0.573703 0.792136 0.567221 0.789795 0.559054 0.788988 0.550000 0.789795 0.540946 0.792136 0.532779 0.795782 0.526297 0.800376 0.522135 0.805469 0.520701 0.810562 0.522135 0.815156 0.526297 0.818802 0.532779 0.821143 0.540946
1 0.656453 0.566667 0.655640 0.575791 0.653281 0.584023 0.649606 0.590555 0.644976 0.594750 0.639844 0.596195 0.634711 0.594750 0.630081 0.590555 0.626406 0.584023 0.624047 0.575791 0.623234 0.566667 0.624047 0.557542 0.626406 0.549311 0.630081 0.542778 0.634711 0.538584 0.639844 0.537139 0.644976 0.538584 0.649606 0.542778 0.653281 0.549311 0.655640 0.557542
1 0.584880 0.597222 0.584129 0.605654 0.581949 0.613261 0.578553 0.619298 0.574274 0.623174 0.569531 0.624509 0.564788 0.623174 0.560509 0.619298 0.557113 0.613261 0.554933 0.605654 0.554182 0.597222 0.554933 0.588790 0.557113 0.581183 0.560509 0.575146 0.564788 0.571270 0.569531 0.569935 0.574274 0.571270 0.578553 0.575146 0.581949 0.581183 0.584129 0.588790
1 0.506163 0.752778 0.505479 0.760455 0.503494 0.767381 0.500402 0.772878 0.496506 0.776407 0.492188 0.777623 0.487869 0.776407 0.483973 0.772878 0.480881 0.767381 0.478896 0.760455 0.478212 0.752778 0.478896 0.745100 0.480881 0.738174 0.483973 0.732678 0.487869 0.729149 0.492188 0.727933 0.496506 0.729149 0.500402 0.732678 0.503494 0.738174 0.505479 0.745100
1 0.373763 0.640278 0.373020 0.648611 0.370866 0.656129 0.367510 0.662095 0.363281 0.665925 0.358594 0.667245 0.353906 0.665925 0.349678 0.662095 0.346322 0.656129 0.344167 0.648611 0.343425 0.640278 0.344167 0.631944 0.346322 0.624427 0.349678 0.618461 0.353906 0.614631 0.358594 0.613311 0.363281 0.614631 0.367510 0.618461 0.370866 0.624427 0.373020 0.631944
1 0.292992 0.627778 0.292341 0.635087 0.290451 0.641680 0.287508 0.646913 0.283799 0.650273 0.279687 0.651430 0.275576 0.650273 0.271867 0.646913 0.268924 0.641680 0.267034 0.635087 0.266383 0.627778 0.267034 0.620469 0.268924 0.613875 0.271867 0.608643 0.275576 0.605283 0.279687 0.604125 0.283799 0.605283 0.287508 0.608643 0.290451 0.613875 0.292341 0.620469
