0 0.514844 0.306944 0.514461 0.311236 0.513352 0.315108 0.511623 0.318181 0.509445 0.320154 0.507031 0.320833 0.504617 0.320154 0.502439 0.318181 0.500711 0.315108 0.499601 0.311236 0.499219 0.306944 0.499601 0.302653 0.500711 0.298781 0.502439 0.295708 0.504617 0.293735 0.507031 0.293056 0.509445 0.293735 0.511623 0.295708 0.513352 0.298781 0.514461 0.302653
0 0.448476 0.559722 0.448092 0.564036 0.446977 0.567927 0.445240 0.571015 0.443051 0.572997 0.440625 0.573680 0.438199 0.572997 0.436010 0.571015 0.434273 0.567927 0.433158 0.564036 0.432774 0.559722 0.433158 0.555409 0.434273 0.551518 0.436010 0.548430 0.438199 0.546447 0.440625 0.545764 0.443051 0.546447 0.445240 0.548430 0.446977 0.551518 0.448092 0.555409
0 0.745312 0.609722 0.744892 0.614443 0.743671 0.618702 0.741770 0.622082 0.739374 0.624252 0.736719 0.625000 0.734063 0.624252 0.731667 0.622082 0.729766 0.618702 0.728546 0.614443 0.728125 0.609722 0.728546 0.605001 0.729766 0.600742 0.731667 0.597362 0.734063 0.595192 0.736719 0.594444 0.739374 0.595192 0.741770 0.597362 0.743671 0.600742 0.744892 0.605001
1 0.286263 0.419444 0.285520 0.427778 0.283366 0.435295 0.280010 0.441261 0.275781 0.445091 0.271094 0.446411 0.266406 0.445091 0.262178 0.441261 0.258822 0.435295 0.256667 0.427778 0.255925 0.419444 0.256667 0.411111 0.258822 0.403593 0.262178 0.397627 0.266406 0.393797 0.271094 0.392477 0.275781 0.393797 0.280010 0.397627 0.283366 0.403593 0.285520 0.411111
1 0.371180 0.373611 0.370488 0.381384 0.368478 0.388396 0.365348 0.393961 0.361404 0.397534 0.357031 0.398765 0.352659 0.397534 0.348715 0.393961 0.345584 0.388396 0.343575 0.381384 0.342882 0.373611 0.343575 0.365838 0.345584 0.358826 0.348715 0.353261 0.352659 0.349688 0.357031 0.348457 0.361404 0.349688 0.365348 0.353261 0.368478 0.358826 0.370488 0.365838
1 0.450781 0.409722 0.450246 0.415731 0.448692 0.421151 0.446273 0.425453 0.443224 0.428215 0.439844 0.429167 0.436464 0.428215 0.433415 0.425453 0.430995 0.421151 0.429442 0.415731 0.428906 0.409722 0.429442 0.403713 0.430995 0.398293 0.433415 0.393991 0.436464 0.391229 0.439844 0.390278 0.443224 0.391229 0.446273 0.393991 0.448692 0.398293 0.450246 0.403713
1 0.583594 0.429167 0.582944 0.436463 0.581057 0.443045 0.578119 0.448268 0.574417 0.451622 0.570312 0.452778 0.566208 0.451622 0.562506 0.448268 0.559568 0.443045 0.557681 0.436463 0.557031 0.429167 0.557681 0.421870 0.559568 0.415288 0.562506 0.410065 0.566208 0.406711 0.570312 0.405555 0.574417 0.406711 0.578119 0.410065 0.581057 0.415288 0.582944 0.421870
1 0.657904 0.370833 0.657250 0.378180 0.655350 0.384807 0.652392 0.390067 0.648664 0.393444 0.644531 0.394607 0.640399 0.393444 0.636671 0.390067 0.633712 0.384807 0.631813 0.378180 0.631158 0.370833 0.631813 0.363487 0.633712 0.356859 0.636671 0.351600 0.640399 0.348223 0.644531 0.347059 0.648664 0.348223 0.652392 0.351600 0.655350 0.356859 0.657250 0.363487
1 0.740038 0.279167 0.739340 0.286999 0.737315 0.294064 0.734161 0.299671 0.730187 0.303271 0.725781 0.304511 0.721376 0.303271 0.717402 0.299671 0.714248 0.294064 0.712223 0.286999 0.711525 0.279167 0.712223 0.271335 0.714248 0.264269 0.717402 0.258662 0.721376 0.255062 0.725781 0.253822 0.730187 0.255062 0.734161 0.258662 0.737315 0.264269 0.739340 0.271335
1 0.809559 0.380556 0.808823 0.388811 0.806689 0.396259 0.803364 0.402169 0.799175 0.405964 0.794531 0.407271 0.789887 0.405964 0.785698 0.402169 0.782374 0.396259 0.780239 0.388811 0.779504 0.380556 0.780239 0.372300 0.782374 0.364852 0.785698 0.358942 0.789887 0.355147 0.794531 0.353840 0.799175 0.355147 0.803364 0.358942 0.806689 0.364852 0.808823 0.372300
1 0.816504 0.550000 0.815887 0.556920 0.814098 0.563164 0.811311 0.568118 0.807799 0.571299 0.803906 0.572395 0.800014 0.571299 0.796502 0.568118 0.793715 0.563164 0.791926 0.556920 0.791309 0.550000 0.791926 0.543080 0.793715 0.536836 0.796502 0.531882 0.800014 0.528701 0.803906 0.527605 0.807799 0.528701 0.811311 0.531882 0.814098 0.536836 0.815887 0.543080
1 0.664063 0.570833 0.663451 0.577700 0.661675 0.583895 0.658910 0.588811 0.655425 0.591968 0.651563 0.593055 0.647700 0.591968 0.644215 0.588811 0.641450 0.583895 0.639674 0.577700 0.639062 0.570833 0.639674 0.563966 0.641450 0.557771 0.644215 0.552855 0.647700 0.549699 0.651563 0.548611 0.655425 0.549699 0.658910 0.552855 0.661675 0.557771 0.663451 0.563966
1 0.590253 0.597222 0.589660 0.603885 0.587937 0.609896 0.585254 0.614666 0.581873 0.617728 0.578125 0.618784 0.574377 0.617728 0.570996 0.614666 0.568313 0.609896 0.566590 0.603885 0.565997 0.597222 0.566590 0.590559 0.568313 0.584549 0.570996 0.579779 0.574377 0.576716 0.578125 0.575661 0.581873 0.576716 0.585254 0.579779 0.587937 0.584549 0.589660 0.590559
1 0.512128 0.758333 0.511535 0.764996 0.509812 0.771007 0.507129 0.775777 0.503748 0.778840 0.500000 0.779895 0.496252 0.778840 0.492871 0.775777 0.490188 0.771007 0.488465 0.764996 0.487872 0.758333 0.488465 0.751670 0.490188 0.745660 0.492871 0.740890 0.496252 0.737827 0.500000 0.736772 0.503748 0.737827 0.507129 0.740890 0.509812 0.745660 0.511535 0.751670
1 0.371120 0.645833 0.370545 0.652285 0.368877 0.658106 0.366278 0.662725 0.363004 0.665691 0.359375 0.666713 0.355746 0.665691 0.352472 0.662725 0.349873 0.658106 0.348205 0.652285 0.347630 0.645833 0.348205 0.639381 0.349873 0.633561 0.352472 0.628941 0.355746 0.625976 0.359375 0.624954 0.363004 0.625976 0.366278 0.628941 0.368877 0.633561 0.370545 0.639381
1 0.290406 0.634722 0.289729 0.642327 0.287762 0.649188 0.284700 0.654633 0.280840 0.658129 0.276562 0.659333 0.272284 0.658129 0.268425 0.654633 0.265363 0.649188 0.263396 0.642327 0.262719 0.634722 0.263396 0.627117 0.265363 0.620256 0.268425 0.614811 0.272284 0.611316 0.276562 0.610111 0.280840 0.611316 0.284700 0.614811 0.287762 0.620256 0.289729 0.627117
