0 0.515075 0.306944 0.514681 0.311363 0.513539 0.315349 0.511759 0.318513 0.509517 0.320544 0.507031 0.321244 0.504546 0.320544 0.502303 0.318513 0.500524 0.315349 0.499381 0.311363 0.498988 0.306944 0.499381 0.302526 0.500524 0.298539 0.502303 0.295376 0.504546 0.293345 0.507031 0.292645 0.509517 0.293345 0.511759 0.295376 0.513539 0.298539 0.514681 0.302526
0 0.449348 0.558333 0.448883 0.563555 0.447533 0.568265 0.445430 0.572003 0.442781 0.574403 0.439844 0.575230 0.436907 0.574403 0.434257 0.572003 0.432155 0.568265 0.430805 0.563555 0.430340 0.558333 0.430805 0.553112 0.432155 0.548402 0.434257 0.544664 0.436907 0.542264 0.439844 0.541437 0.442781 0.542264 0.445430 0.544664 0.447533 0.548402 0.448883 0.553112
0 0.745348 0.608333 0.744926 0.613074 0.743700 0.617350 0.741791 0.620744 0.739385 0.622923 0.736719 0.623674 0.734052 0.622923 0.731647 0.620744 0.729738 0.617350 0.728512 0.613074 0.728090 0.608333 0.728512 0.603593 0.729738 0.599316 0.731647 0.595922 0.734052 0.593743 0.736719 0.592992 0.739385 0.593743 0.741791 0.595922 0.743700 0.599316 0.744926 0.603593
1 0.282236 0.419444 0.281576 0.426853 0.279661 0.433537 0.276677 0.438841 0.272918 0.442247 0.268750 0.443420 0.264582 0.442247 0.260823 0.438841 0.257839 0.433537 0.255924 0.426853 0.255264 0.419444 0.255924 0.412035 0.257839 0.405352 0.260823 0.400048 0.264582 0.396642 0.268750 0.395469 0.272918 0.396642 0.276677 0.400048 0.279661 0.405352 0.281576 0.412035
1 0.368750 0.370833 0.368100 0.378130 0.366214 0.384712 0.363275 0.389935 0.359573 0.393289 0.355469 0.394444 0.351365 0.393289 0.347662 0.389935 0.344724 0.384712 0.342838 0.378130 0.342187 0.370833 0.342838 0.363537 0.344724 0.356955 0.347662 0.351732 0.351365 0.348378 0.355469 0.347222 0.359573 0.348378 0.363275 0.351732 0.366214 0.356955 0.368100 0.363537
1 0.448437 0.409722 0.447979 0.414873 0.446647 0.419519 0.444573 0.423206 0.441960 0.425573 0.439063 0.426389 0.436165 0.425573 0.433552 0.423206 0.431478 0.419519 0.430146 0.414873 0.429688 0.409722 0.430146 0.404572 0.431478 0.399926 0.433552 0.396239 0.436165 0.393871 0.439063 0.393056 0.441960 0.393871 0.444573 0.396239 0.446647 0.399926 0.447979 0.404572
1 0.582135 0.427778 0.581556 0.434273 0.579877 0.440132 0.577262 0.444781 0.573966 0.447767 0.570312 0.448795 0.566659 0.447767 0.563363 0.444781 0.560748 0.440132 0.559069 0.434273 0.558490 0.427778 0.559069 0.421283 0.560748 0.415424 0.563363 0.410774 0.566659 0.407789 0.570312 0.406760 0.573966 0.407789 0.577262 0.410774 0.579877 0.415424 0.581556 0.421283
1 0.654111 0.370833 0.653451 0.378242 0.651536 0.384926 0.648552 0.390230 0.644793 0.393636 0.640625 0.394809 0.636457 0.393636 0.632698 0.390230 0.629714 0.384926 0.627799 0.378242 0.627139 0.370833 0.627799 0.363424 0.629714 0.356741 0.632698 0.351436 0.636457 0.348031 0.640625 0.346857 0.644793 0.348031 0.648552 0.351436 0.651536 0.356741 0.653451 0.363424
1 0.739865 0.276389 0.739176 0.284126 0.737176 0.291106 0.734060 0.296646 0.730134 0.300202 0.725781 0.301427 0.721429 0.300202 0.717503 0.296646 0.714387 0.291106 0.712386 0.284126 0.711697 0.276389 0.712386 0.268652 0.714387 0.261672 0.717503 0.256132 0.721429 0.252576 0.725781 0.251350 0.730134 0.252576 0.734060 0.256132 0.737176 0.261672 0.739176 0.268652
1 0.812001 0.375000 0.811146 0.384597 0.808664 0.393255 0.804799 0.400125 0.799930 0.404536 0.794531 0.406056 0.789133 0.404536 0.784263 0.400125 0.780398 0.393255 0.777917 0.384597 0.777062 0.375000 0.777917 0.365403 0.780398 0.356745 0.784263 0.349875 0.789133 0.345464 0.794531 0.343944 0.799930 0.345464 0.804799 0.349875 0.808664 0.356745 0.811146 0.365403
1 0.816887 0.550000 0.816099 0.558848 0.813811 0.566830 0.810248 0.573164 0.805758 0.577231 0.800781 0.578633 0.795804 0.577231 0.791314 0.573164 0.787751 0.566830 0.785464 0.558848 0.784675 0.550000 0.785464 0.541152 0.787751 0.533170 0.791314 0.526836 0.795804 0.522769 0.800781 0.521367 0.805758 0.522769 0.810248 0.526836 0.813811 0.533170 0.816099 0.541152
1 0.666319 0.569444 0.665635 0.577122 0.663650 0.584048 0.660558 0.589545 0.656662 0.593074 0.652344 0.594290 0.648025 0.593074 0.644129 0.589545 0.641037 0.584048 0.639052 0.577122 0.638368 0.569444 0.639052 0.561767 0.641037 0.554841 0.644129 0.549344 0.648025 0.545815 0.652344 0.544599 0.656662 0.545815 0.660558 0.549344 0.663650 0.554841 0.665635 0.561767
1 0.595208 0.600000 0.594639 0.606380 0.592990 0.612136 0.590420 0.616704 0.587183 0.619637 0.583594 0.620647 0.580005 0.619637 0.576767 0.616704 0.574198 0.612136 0.572548 0.606380 0.571980 0.600000 0.572548 0.593620 0.574198 0.587864 0.576767 0.583296 0.580005 0.580363 0.583594 0.579353 0.587183 0.580363 0.590420 0.583296 0.592990 0.587864 0.594639 0.593620
1 0.511810 0.762500 0.511156 0.769847 0.509256 0.776474 0.506298 0.781734 0.502570 0.785110 0.498437 0.786274 0.494305 0.785110 0.490577 0.781734 0.487619 0.776474 0.485719 0.769847 0.485065 0.762500 0.485719 0.755153 0.487619 0.748526 0.490577 0.743266 0.494305 0.739890 0.498437 0.738726 0.502570 0.739890 0.506298 0.743266 0.509256 0.748526 0.511156 0.755153
1 0.372656 0.645833 0.372083 0.652271 0.370418 0.658079 0.367826 0.662688 0.364559 0.665647 0.360938 0.666667 0.357316 0.665647 0.354049 0.662688 0.351457 0.658079 0.349792 0.652271 0.349219 0.645833 0.349792 0.639395 0.351457 0.633588 0.354049 0.628979 0.357316 0.626020 0.360938 0.625000 0.364559 0.626020 0.367826 0.628979 0.370418 0.633588 0.372083 0.639395
1 0.291428 0.629167 0.290739 0.636904 0.288738 0.643884 0.285622 0.649423 0.281696 0.652980 0.277344 0.654205 0.272991 0.652980 0.269065 0.649423 0.265949 0.643884 0.263949 0.636904 0.263260 0.629167 0.263949 0.621429 0.265949 0.614449 0.269065 0.608910 0.272991 0.605354 0.277344 0.604128 0.281696 0.605354 0.285622 0.608910 0.288738 0.614449 0.290739 0.621429
