0 0.507070 0.309722 0.506686 0.314036 0.505571 0.317927 0.503834 0.321015 0.501645 0.322997 0.499219 0.323680 0.496793 0.322997 0.494604 0.321015 0.492867 0.317927 0.491752 0.314036 0.491368 0.309722 0.491752 0.305409 0.492867 0.301518 0.494604 0.298430 0.496793 0.296447 0.499219 0.295764 0.501645 0.296447 0.503834 0.298430 0.505571 0.301518 0.506686 0.305409
0 0.438919 0.559722 0.438506 0.564365 0.437305 0.568553 0.435436 0.571876 0.433080 0.574010 0.430469 0.574745 0.427857 0.574010 0.425502 0.571876 0.423632 0.568553 0.422432 0.564365 0.422018 0.559722 0.422432 0.555080 0.423632 0.550892 0.425502 0.547568 0.427857 0.545434 0.430469 0.544699 0.433080 0.545434 0.435436 0.547568 0.437305 0.550892 0.438506 0.555080
0 0.740625 0.609722 0.740204 0.614443 0.738984 0.618702 0.737083 0.622082 0.734687 0.624252 0.732031 0.625000 0.729376 0.624252 0.726980 0.622082 0.725079 0.618702 0.723858 0.614443 0.723438 0.609722 0.723858 0.605001 0.725079 0.600742 0.726980 0.597362 0.729376 0.595192 0.732031 0.594444 0.734687 0.595192 0.737083 0.597362 0.738984 0.600742 0.740204 0.605001
1 0.291504 0.422222 0.290887 0.429143 0.289098 0.435386 0.286311 0.440340 0.282799 0.443521 0.278906 0.444617 0.275013 0.443521 0.271502 0.440340 0.268715 0.435386 0.266926 0.429143 0.266309 0.422222 0.266926 0.415302 0.268715 0.409059 0.271502 0.404104 0.275013 0.400923 0.278906 0.399827 0.282799 0.400923 0.286311 0.404104 0.289098 0.409059 0.290887 0.415302
1 0.371000 0.380556 0.370202 0.389517 0.367885 0.397602 0.364276 0.404018 0.359728 0.408137 0.354687 0.409556 0.349647 0.408137 0.345099 0.404018 0.341490 0.397602 0.339173 0.389517 0.338375 0.380556 0.339173 0.371594 0.341490 0.363509 0.345099 0.357093 0.349647 0.352974 0.354687 0.351555 0.359728 0.352974 0.364276 0.357093 0.367885 0.363509 0.370202 0.371594
1 0.445034 0.416667 0.444397 0.423810 0.442551 0.430254 0.439674 0.435368 0.436049 0.438651 0.432031 0.439782 0.428013 0.438651 0.424389 0.435368 0.421512 0.430254 0.419665 0.423810 0.419029 0.416667 0.419665 0.409524 0.421512 0.403080 0.424389 0.397966 0.428013 0.394682 0.432031 0.393551 0.436049 0.394682 0.439674 0.397966 0.442551 0.403080 0.444397 0.409524
1 0.579522 0.429167 0.578804 0.437230 0.576719 0.444505 0.573471 0.450278 0.569380 0.453984 0.564844 0.455262 0.560308 0.453984 0.556216 0.450278 0.552969 0.444505 0.550884 0.437230 0.550165 0.429167 0.550884 0.421103 0.552969 0.413828 0.556216 0.408055 0.560308 0.404349 0.564844 0.403072 0.569380 0.404349 0.573471 0.408055 0.576719 0.413828 0.578804 0.421103
1 0.645793 0.366667 0.645005 0.375515 0.642717 0.383497 0.639154 0.389831 0.634664 0.393898 0.629687 0.395299 0.624711 0.393898 0.620221 0.389831 0.616658 0.383497 0.614370 0.375515 0.613582 0.366667 0.614370 0.357819 0.616658 0.349837 0.620221 0.343502 0.624711 0.339435 0.629687 0.338034 0.634664 0.339435 0.639154 0.343502 0.642717 0.349837 0.645005 0.357819
1 0.736719 0.275000 0.735954 0.283584 0.733735 0.291327 0.730278 0.297473 0.725922 0.301418 0.721094 0.302778 0.716265 0.301418 0.711910 0.297473 0.708453 0.291327 0.706233 0.283584 0.705469 0.275000 0.706233 0.266416 0.708453 0.258673 0.711910 0.252527 0.716265 0.248582 0.721094 0.247222 0.725922 0.248582 0.730278 0.252527 0.733735 0.258673 0.735954 0.266416
1 0.809288 0.373611 0.808604 0.381289 0.806619 0.388215 0.803527 0.393711 0.799631 0.397240 0.795312 0.398456 0.790994 0.397240 0.787098 0.393711 0.784006 0.388215 0.782021 0.381289 0.781337 0.373611 0.782021 0.365934 0.784006 0.359007 0.787098 0.353511 0.790994 0.349982 0.795312 0.348766 0.799631 0.349982 0.803527 0.353511 0.806619 0.359007 0.808604 0.365934
1 0.816128 0.551389 0.815491 0.558532 0.813644 0.564976 0.810768 0.570090 0.807143 0.573373 0.803125 0.574505 0.799107 0.573373 0.795482 0.570090 0.792606 0.564976 0.790759 0.558532 0.790122 0.551389 0.790759 0.544246 0.792606 0.537802 0.795482 0.532688 0.799107 0.529405 0.803125 0.528273 0.807143 0.529405 0.810768 0.532688 0.813644 0.537802 0.815491 0.544246
1 0.658353 0.568056 0.657676 0.575649 0.655713 0.582499 0.652655 0.587935 0.648802 0.591425 0.644531 0.592628 0.640260 0.591425 0.636407 0.587935 0.633349 0.582499 0.631386 0.575649 0.630710 0.568056 0.631386 0.560462 0.633349 0.553613 0.636407 0.548176 0.640260 0.544686 0.644531 0.543484 0.648802 0.544686 0.652655 0.548176 0.655713 0.553613 0.657676 0.560462
1 0.583019 0.595833 0.582435 0.602385 0.580741 0.608295 0.578103 0.612985 0.574779 0.615996 0.571094 0.617034 0.567409 0.615996 0.564084 0.612985 0.561446 0.608295 0.559752 0.602385 0.559168 0.595833 0.559752 0.589282 0.561446 0.583372 0.564084 0.578682 0.567409 0.575670 0.571094 0.574633 0.574779 0.575670 0.578103 0.578682 0.580741 0.583372 0.582435 0.589282
1 0.502644 0.754167 0.501941 0.762057 0.499901 0.769175 0.496724 0.774824 0.492720 0.778451 0.488281 0.779701 0.483843 0.778451 0.479839 0.774824 0.476661 0.769175 0.474621 0.762057 0.473918 0.754167 0.474621 0.746276 0.476661 0.739158 0.479839 0.733509 0.483843 0.729882 0.488281 0.728632 0.492720 0.729882 0.496724 0.733509 0.499901 0.739158 0.501941 0.746276
1 0.375470 0.641667 0.374758 0.649650 0.372694 0.656852 0.369479 0.662567 0.365428 0.666237 0.360938 0.667501 0.356447 0.666237 0.352396 0.662567 0.349181 0.656852 0.347117 0.649650 0.346405 0.641667 0.347117 0.633683 0.349181 0.626481 0.352396 0.620766 0.356447 0.617096 0.360938 0.615832 0.365428 0.617096 0.369479 0.620766 0.372694 0.626481 0.374758 0.633683
1 0.293129 0.625000 0.292471 0.632384 0.290562 0.639045 0.287588 0.644332 0.283841 0.647726 0.279687 0.648895 0.275534 0.647726 0.271787 0.644332 0.268813 0.639045 0.266904 0.632384 0.266246 0.625000 0.266904 0.617616 0.268813 0.610955 0.271787 0.605668 0.275534 0.602274 0.279687 0.601105 0.283841 0.602274 0.287588 0.605668 0.290562 0.610955 0.292471 0.617616
