0 0.504377 0.309722 0.504048 0.313414 0.503093 0.316745 0.501606 0.319388 0.499733 0.321085 0.497656 0.321670 0.495579 0.321085 0.493706 0.319388 0.492219 0.316745 0.491265 0.313414 0.490936 0.309722 0.491265 0.306030 0.492219 0.302700 0.493706 0.300056 0.495579 0.298359 0.497656 0.297775 0.499733 0.298359 0.501606 0.300056 0.503093 0.302700 0.504048 0.306030
0 0.438436 0.558333 0.438046 0.562710 0.436914 0.566658 0.435152 0.569792 0.432931 0.571804 0.430469 0.572497 0.428007 0.571804 0.425786 0.569792 0.424023 0.566658 0.422892 0.562710 0.422502 0.558333 0.422892 0.553956 0.424023 0.550008 0.425786 0.546874 0.428007 0.544862 0.430469 0.544169 0.432931 0.544862 0.435152 0.546874 0.436914 0.550008 0.438046 0.553956
0 0.741176 0.611111 0.740728 0.616135 0.739429 0.620666 0.737406 0.624263 0.734857 0.626572 0.732031 0.627368 0.729206 0.626572 0.726656 0.624263 0.724633 0.620666 0.723335 0.616135 0.722887 0.611111 0.723335 0.606088 0.724633 0.601556 0.726656 0.597959 0.729206 0.595650 0.732031 0.594855 0.734857 0.595650 0.737406 0.597959 0.739429 0.601556 0.740728 0.606088
1 0.289696 0.422222 0.289092 0.429008 0.287337 0.435130 0.284604 0.439988 0.281161 0.443107 0.277344 0.444182 0.273527 0.443107 0.270083 0.439988 0.267350 0.435130 0.265596 0.429008 0.264991 0.422222 0.265596 0.415436 0.267350 0.409314 0.270083 0.404456 0.273527 0.401337 0.277344 0.400262 0.281161 0.401337 0.284604 0.404456 0.287337 0.409314 0.289092 0.415436
1 0.370334 0.383333 0.369645 0.391071 0.367644 0.398051 0.364528 0.403590 0.360602 0.407146 0.356250 0.408372 0.351898 0.407146 0.347972 0.403590 0.344856 0.398051 0.342855 0.391071 0.342166 0.383333 0.342855 0.375596 0.344856 0.368616 0.347972 0.363077 0.351898 0.359520 0.356250 0.358295 0.360602 0.359520 0.364528 0.363077 0.367644 0.368616 0.369645 0.375596
1 0.450761 0.416667 0.450035 0.424810 0.447930 0.432156 0.444650 0.437986 0.440518 0.441729 0.435937 0.443019 0.431357 0.441729 0.427225 0.437986 0.423945 0.432156 0.421840 0.424810 0.421114 0.416667 0.421840 0.408523 0.423945 0.401177 0.427225 0.395347 0.431357 0.391604 0.435937 0.390314 0.440518 0.391604 0.444650 0.395347 0.447930 0.401177 0.450035 0.408523
1 0.577065 0.429167 0.576429 0.436310 0.574582 0.442754 0.571705 0.447868 0.568081 0.451151 0.564063 0.452283 0.560045 0.451151 0.556420 0.447868 0.553543 0.442754 0.551696 0.436310 0.551060 0.429167 0.551696 0.422024 0.553543 0.415580 0.556420 0.410466 0.560045 0.407182 0.564063 0.406051 0.568081 0.407182 0.571705 0.410466 0.574582 0.415580 0.576429 0.422024
1 0.642188 0.363889 0.641614 0.370327 0.639949 0.376134 0.637357 0.380743 0.634090 0.383702 0.630469 0.384722 0.626848 0.383702 0.623581 0.380743 0.620988 0.376134 0.619324 0.370327 0.618750 0.363889 0.619324 0.357451 0.620988 0.351643 0.623581 0.347034 0.626848 0.344075 0.630469 0.343056 0.634090 0.344075 0.637357 0.347034 0.639949 0.351643 0.641614 0.357451
1 0.736741 0.276389 0.736051 0.284126 0.734051 0.291106 0.730935 0.296646 0.727009 0.300202 0.722656 0.301428 0.718304 0.300202 0.714378 0.296646 0.711262 0.291106 0.709261 0.284126 0.708572 0.276389 0.709261 0.268652 0.711262 0.261672 0.714378 0.256132 0.718304 0.252576 0.722656 0.251350 0.727009 0.252576 0.730935 0.256132 0.734051 0.261672 0.736051 0.268652
1 0.803595 0.372222 0.803075 0.378060 0.801566 0.383326 0.799215 0.387505 0.796252 0.390188 0.792969 0.391113 0.789685 0.390188 0.786723 0.387505 0.784372 0.383326 0.782863 0.378060 0.782343 0.372222 0.782863 0.366385 0.784372 0.361118 0.786723 0.356939 0.789685 0.354256 0.792969 0.353331 0.796252 0.354256 0.799215 0.356939 0.801566 0.361118 0.803075 0.366385
1 0.817728 0.554167 0.817051 0.561760 0.815088 0.568610 0.812030 0.574046 0.808177 0.577536 0.803906 0.578739 0.799635 0.577536 0.795782 0.574046 0.792724 0.568610 0.790761 0.561760 0.790084 0.554167 0.790761 0.546574 0.792724 0.539724 0.795782 0.534288 0.799635 0.530798 0.803906 0.529595 0.808177 0.530798 0.812030 0.534288 0.815088 0.539724 0.817051 0.546574
1 0.658978 0.565278 0.658348 0.572356 0.656518 0.578742 0.653667 0.583809 0.650075 0.587063 0.646094 0.588184 0.642112 0.587063 0.638520 0.583809 0.635670 0.578742 0.633840 0.572356 0.633209 0.565278 0.633840 0.558199 0.635670 0.551814 0.638520 0.546746 0.642112 0.543493 0.646094 0.542372 0.650075 0.543493 0.653667 0.546746 0.656518 0.551814 0.658348 0.558199
1 0.589363 0.593056 0.588660 0.600946 0.586620 0.608064 0.583442 0.613713 0.579438 0.617340 0.575000 0.618590 0.570562 0.617340 0.566558 0.613713 0.563380 0.608064 0.561340 0.600946 0.560637 0.593056 0.561340 0.585165 0.563380 0.578047 0.566558 0.572398 0.570562 0.568771 0.575000 0.567521 0.579438 0.568771 0.583442 0.572398 0.586620 0.578047 0.588660 0.585165
1 0.510708 0.754167 0.509802 0.764341 0.507171 0.773520 0.503074 0.780804 0.497911 0.785481 0.492188 0.787092 0.486464 0.785481 0.481301 0.780804 0.477204 0.773520 0.474573 0.764341 0.473667 0.754167 0.474573 0.743992 0.477204 0.734813 0.481301 0.727529 0.486464 0.722852 0.492188 0.721241 0.497911 0.722852 0.503074 0.727529 0.507171 0.734813 0.509802 0.743992
1 0.375879 0.641667 0.375109 0.650304 0.372876 0.658096 0.369398 0.664280 0.365015 0.668250 0.360156 0.669618 0.355298 0.668250 0.350915 0.664280 0.347437 0.658096 0.345203 0.650304 0.344434 0.641667 0.345203 0.633029 0.347437 0.625238 0.350915 0.619054 0.355298 0.615084 0.360156 0.613716 0.365015 0.615084 0.369398 0.619054 0.372876 0.625238 0.375109 0.633029
1 0.290938 0.627778 0.290311 0.634817 0.288491 0.641167 0.285657 0.646207 0.282085 0.649442 0.278125 0.650557 0.274165 0.649442 0.270593 0.646207 0.267759 0.641167 0.265939 0.634817 0.265312 0.627778 0.265939 0.620739 0.267759 0.614388 0.270593 0.609349 0.274165 0.606113 0.278125 0.604998 0.282085 0.606113 0.285657 0.609349 0.288491 0.614388 0.290311 0.620739
