0 0.514765 0.308333 0.514387 0.312582 0.513288 0.316415 0.511577 0.319457 0.509421 0.321410 0.507031 0.322083 0.504641 0.321410 0.502485 0.319457 0.500774 0.316415 0.499676 0.312582 0.499297 0.308333 0.499676 0.304085 0.500774 0.300252 0.502485 0.297210 0.504641 0.295257 0.507031 0.294584 0.509421 0.295257 0.511577 0.297210 0.513288 0.300252 0.514387 0.304085
0 0.448930 0.559722 0.448523 0.564285 0.447344 0.568400 0.445506 0.571667 0.443191 0.573764 0.440625 0.574486 0.438059 0.573764 0.435744 0.571667 0.433906 0.568400 0.432727 0.564285 0.432320 0.559722 0.432727 0.555160 0.433906 0.551044 0.435744 0.547778 0.438059 0.545681 0.440625 0.544958 0.443191 0.545681 0.445506 0.547778 0.447344 0.551044 0.448523 0.555160
0 0.746255 0.608333 0.745788 0.613572 0.744434 0.618298 0.742324 0.622049 0.739666 0.624457 0.736719 0.625287 0.733772 0.624457 0.731113 0.622049 0.729004 0.618298 0.727649 0.613572 0.727182 0.608333 0.727649 0.603094 0.729004 0.598368 0.731113 0.594618 0.733772 0.592210 0.736719 0.591380 0.739666 0.592210 0.742324 0.594618 0.744434 0.598368 0.745788 0.603094
1 0.371626 0.376389 0.370912 0.384407 0.368839 0.391640 0.365610 0.397380 0.361541 0.401066 0.357031 0.402335 0.352521 0.401066 0.348453 0.397380 0.345224 0.391640 0.343151 0.384407 0.342436 0.376389 0.343151 0.368371 0.345224 0.361138 0.348453 0.355398 0.352521 0.351712 0.357031 0.350442 0.361541 0.351712 0.365610 0.355398 0.368839 0.361138 0.370912 0.368371
1 0.288762 0.415278 0.287974 0.424126 0.285686 0.432108 0.282123 0.438442 0.277633 0.442509 0.272656 0.443911 0.267679 0.442509 0.263189 0.438442 0.259626 0.432108 0.257338 0.424126 0.256550 0.415278 0.257338 0.406430 0.259626 0.398448 0.263189 0.392113 0.267679 0.388046 0.272656 0.386645 0.277633 0.388046 0.282123 0.392113 0.285686 0.398448 0.287974 0.406430
1 0.453291 0.411111 0.452480 0.420216 0.450126 0.428429 0.446460 0.434947 0.441840 0.439132 0.436719 0.440574 0.431597 0.439132 0.426977 0.434947 0.423311 0.428429 0.420957 0.420216 0.420146 0.411111 0.420957 0.402007 0.423311 0.393793 0.426977 0.387275 0.431597 0.383090 0.436719 0.381648 0.441840 0.383090 0.446460 0.387275 0.450126 0.393793 0.452480 0.402007
1 0.589169 0.429167 0.588322 0.438667 0.585866 0.447238 0.582040 0.454039 0.577219 0.458406 0.571875 0.459911 0.566531 0.458406 0.561710 0.454039 0.557884 0.447238 0.555428 0.438667 0.554581 0.429167 0.555428 0.419666 0.557884 0.411096 0.561710 0.404294 0.566531 0.399927 0.571875 0.398422 0.577219 0.399927 0.582040 0.404294 0.585866 0.411096 0.588322 0.419666
1 0.659569 0.366667 0.658871 0.374499 0.656846 0.381564 0.653692 0.387171 0.649718 0.390771 0.645312 0.392011 0.640907 0.390771 0.636933 0.387171 0.633779 0.381564 0.631754 0.374499 0.631056 0.366667 0.631754 0.358835 0.633779 0.351769 0.636933 0.346162 0.640907 0.342562 0.645312 0.341322 0.649718 0.342562 0.653692 0.346162 0.656846 0.351769 0.658871 0.358835
1 0.736745 0.281944 0.736170 0.288397 0.734502 0.294217 0.731903 0.298836 0.728629 0.301802 0.725000 0.302824 0.721371 0.301802 0.718097 0.298836 0.715498 0.294217 0.713830 0.288397 0.713255 0.281944 0.713830 0.275492 0.715498 0.269672 0.718097 0.265053 0.721371 0.262087 0.725000 0.261065 0.728629 0.262087 0.731903 0.265053 0.734502 0.269672 0.736170 0.275492
1 0.811963 0.380556 0.811225 0.388845 0.809082 0.396323 0.805744 0.402257 0.801538 0.406067 0.796875 0.407380 0.792212 0.406067 0.788006 0.402257 0.784668 0.396323 0.782525 0.388845 0.781787 0.380556 0.782525 0.372267 0.784668 0.364789 0.788006 0.358855 0.792212 0.355045 0.796875 0.353732 0.801538 0.355045 0.805744 0.358855 0.809082 0.364789 0.811225 0.372267
1 0.818427 0.554167 0.817602 0.563432 0.815206 0.571790 0.811475 0.578423 0.806774 0.582681 0.801562 0.584149 0.796351 0.582681 0.791650 0.578423 0.787919 0.571790 0.785523 0.563432 0.784698 0.554167 0.785523 0.544902 0.787919 0.536544 0.791650 0.529911 0.796351 0.525653 0.801562 0.524185 0.806774 0.525653 0.811475 0.529911 0.815206 0.536544 0.817602 0.544902
1 0.661801 0.570833 0.661070 0.579033 0.658950 0.586430 0.655648 0.592300 0.651487 0.596069 0.646875 0.597368 0.642263 0.596069 0.638102 0.592300 0.634800 0.586430 0.632680 0.579033 0.631949 0.570833 0.632680 0.562634 0.634800 0.555237 0.638102 0.549366 0.642263 0.545597 0.646875 0.544299 0.651487 0.545597 0.655648 0.549366 0.658950 0.555237 0.661070 0.562634
1 0.596526 0.600000 0.595893 0.607104 0.594056 0.613513 0.591195 0.618599 0.587590 0.621865 0.583594 0.622990 0.579598 0.621865 0.575993 0.618599 0.573132 0.613513 0.571295 0.607104 0.570662 0.600000 0.571295 0.592896 0.573132 0.586487 0.575993 0.581401 0.579598 0.578135 0.583594 0.577010 0.587590 0.578135 0.591195 0.581401 0.594056 0.586487 0.595893 0.592896
1 0.513486 0.755556 0.512826 0.762965 0.510911 0.769648 0.507927 0.774952 0.504168 0.778358 0.500000 0.779531 0.495832 0.778358 0.492073 0.774952 0.489089 0.769648 0.487174 0.762965 0.486514 0.755556 0.487174 0.748147 0.489089 0.741463 0.492073 0.736159 0.495832 0.732753 0.500000 0.731580 0.504168 0.732753 0.507927 0.736159 0.510911 0.741463 0.512826 0.748147
1 0.375986 0.645833 0.375326 0.653242 0.373411 0.659926 0.370427 0.665230 0.366668 0.668636 0.362500 0.669809 0.358332 0.668636 0.354573 0.665230 0.351589 0.659926 0.349674 0.653242 0.349014 0.645833 0.349674 0.638424 0.351589 0.631741 0.354573 0.626436 0.358332 0.623031 0.362500 0.621857 0.366668 0.623031 0.370427 0.626436 0.373411 0.631741 0.375326 0.638424
1 0.287522 0.625000 0.286832 0.632737 0.284832 0.639717 0.281716 0.645257 0.277790 0.648813 0.273438 0.650039 0.269085 0.648813 0.265159 0.645257 0.262043 0.639717 0.260043 0.632737 0.259353 0.625000 0.260043 0.617263 0.262043 0.610283 0.265159 0.604743 0.269085 0.601187 0.273438 0.599961 0.277790 0.601187 0.281716 0.604743 0.284832 0.610283 0.286832 0.617263
