0 0.416263 0.434722 0.415849 0.439365 0.414649 0.443553 0.412780 0.446876 0.410424 0.449010 0.407813 0.449745 0.405201 0.449010 0.402845 0.446876 0.400976 0.443553 0.399776 0.439365 0.399362 0.434722 0.399776 0.430080 0.400976 0.425892 0.402845 0.422568 0.405201 0.420434 0.407813 0.419699 0.410424 0.420434 0.412780 0.422568 0.414649 0.425892 0.415849 0.430080
0 0.527376 0.430556 0.526916 0.435724 0.525580 0.440386 0.523498 0.444086 0.520876 0.446461 0.517969 0.447280 0.515062 0.446461 0.512439 0.444086 0.510358 0.440386 0.509022 0.435724 0.508561 0.430556 0.509022 0.425387 0.510358 0.420725 0.512439 0.417025 0.515062 0.414650 0.517969 0.413831 0.520876 0.414650 0.523498 0.417025 0.525580 0.420725 0.526916 0.425387
0 0.590655 0.662500 0.590156 0.668096 0.588710 0.673144 0.586456 0.677150 0.583616 0.679723 0.580469 0.680609 0.577321 0.679723 0.574481 0.677150 0.572228 0.673144 0.570781 0.668096 0.570282 0.662500 0.570781 0.656904 0.572228 0.651856 0.574481 0.647850 0.577321 0.645277 0.580469 0.644391 0.583616 0.645277 0.586456 0.647850 0.588710 0.651856 0.590156 0.656904
0 0.796644 0.255556 0.796197 0.260579 0.794898 0.265111 0.792875 0.268707 0.790326 0.271016 0.787500 0.271812 0.784674 0.271016 0.782125 0.268707 0.780102 0.265111 0.778803 0.260579 0.778356 0.255556 0.778803 0.250532 0.780102 0.246000 0.782125 0.242404 0.784674 0.240095 0.787500 0.239299 0.790326 0.240095 0.792875 0.242404 0.794898 0.246000 0.796197 0.250532
1 0.212381 0.205556 0.211507 0.215361 0.208972 0.224207 0.205023 0.231228 0.200047 0.235735 0.194531 0.237288 0.189015 0.235735 0.184040 0.231228 0.180091 0.224207 0.177555 0.215361 0.176682 0.205556 0.177555 0.195750 0.180091 0.186904 0.184040 0.179884 0.189015 0.175376 0.194531 0.173823 0.200047 0.175376 0.205023 0.179884 0.208972 0.186904 0.211507 0.195750
1 0.680531 0.220833 0.679572 0.231597 0.676789 0.241308 0.672454 0.249014 0.666992 0.253962 0.660937 0.255666 0.654883 0.253962 0.649421 0.249014 0.645086 0.241308 0.642303 0.231597 0.641344 0.220833 0.642303 0.210069 0.645086 0.200359 0.649421 0.192653 0.654883 0.187705 0.660937 0.186000 0.666992 0.187705 0.672454 0.192653 0.676789 0.200359 0.679572 0.210069
1 0.731740 0.444444 0.730875 0.454156 0.728364 0.462917 0.724453 0.469869 0.719525 0.474333 0.714063 0.475871 0.708600 0.474333 0.703672 0.469869 0.699761 0.462917 0.697250 0.454156 0.696385 0.444444 0.697250 0.434733 0.699761 0.425972 0.703672 0.419019 0.708600 0.414556 0.714063 0.413017 0.719525 0.414556 0.724453 0.419019 0.728364 0.425972 0.730875 0.434733
1 0.679688 0.675000 0.678732 0.685730 0.675957 0.695409 0.671636 0.703091 0.666192 0.708023 0.660156 0.709722 0.654121 0.708023 0.648676 0.703091 0.644355 0.695409 0.641581 0.685730 0.640625 0.675000 0.641581 0.664270 0.644355 0.654591 0.648676 0.646909 0.654121 0.641977 0.660156 0.640278 0.666192 0.641977 0.671636 0.646909 0.675957 0.654591 0.678732 0.664270
1 0.434534 0.615278 0.433685 0.624807 0.431221 0.633404 0.427384 0.640227 0.422548 0.644607 0.417187 0.646116 0.411827 0.644607 0.406991 0.640227 0.403154 0.633404 0.400690 0.624807 0.399841 0.615278 0.400690 0.605748 0.403154 0.597151 0.406991 0.590329 0.411827 0.585949 0.417187 0.584439 0.422548 0.585949 0.427384 0.590329 0.431221 0.597151 0.433685 0.605748
1 0.232919 0.641667 0.232072 0.651167 0.229616 0.659738 0.225790 0.666539 0.220969 0.670906 0.215625 0.672411 0.210281 0.670906 0.205460 0.666539 0.201634 0.659738 0.199178 0.651167 0.198331 0.641667 0.199178 0.632166 0.201634 0.623596 0.205460 0.616794 0.210281 0.612427 0.215625 0.610922 0.220969 0.612427 0.225790 0.616794 0.229616 0.623596 0.232072 0.632166
