0 0.504099 0.309722 0.503783 0.313261 0.502868 0.316454 0.501443 0.318988 0.499647 0.320615 0.497656 0.321175 0.495665 0.320615 0.493869 0.318988 0.492444 0.316454 0.491529 0.313261 0.491214 0.309722 0.491529 0.306183 0.492444 0.302990 0.493869 0.300456 0.495665 0.298830 0.497656 0.298269 0.499647 0.298830 0.501443 0.300456 0.502868 0.302990 0.503783 0.306183
0 0.440158 0.559722 0.439722 0.564616 0.438456 0.569030 0.436486 0.572534 0.434003 0.574783 0.431250 0.575558 0.428497 0.574783 0.426014 0.572534 0.424044 0.569030 0.422778 0.564616 0.422342 0.559722 0.422778 0.554829 0.424044 0.550414 0.426014 0.546911 0.428497 0.544661 0.431250 0.543886 0.434003 0.544661 0.436486 0.546911 0.438456 0.550414 0.439722 0.554829
0 0.740188 0.611111 0.739789 0.615592 0.738630 0.619634 0.736826 0.622842 0.734552 0.624902 0.732031 0.625612 0.729511 0.624902 0.727237 0.622842 0.725433 0.619634 0.724274 0.615592 0.723875 0.611111 0.724274 0.606630 0.725433 0.602588 0.727237 0.599380 0.729511 0.597320 0.732031 0.596611 0.734552 0.597320 0.736826 0.599380 0.738630 0.602588 0.739789 0.606630
1 0.290625 0.420833 0.290051 0.427271 0.288387 0.433079 0.285794 0.437688 0.282528 0.440647 0.278906 0.441667 0.275285 0.440647 0.272018 0.437688 0.269426 0.433079 0.267761 0.427271 0.267188 0.420833 0.267761 0.414395 0.269426 0.408588 0.272018 0.403979 0.275285 0.401020 0.278906 0.400000 0.282528 0.401020 0.285794 0.403979 0.288387 0.408588 0.290051 0.414395
1 0.369715 0.380556 0.368980 0.388811 0.366845 0.396259 0.363521 0.402169 0.359331 0.405964 0.354687 0.407271 0.350044 0.405964 0.345854 0.402169 0.342530 0.396259 0.340395 0.388811 0.339660 0.380556 0.340395 0.372300 0.342530 0.364852 0.345854 0.358942 0.350044 0.355147 0.354687 0.353840 0.359331 0.355147 0.363521 0.358942 0.366845 0.364852 0.368980 0.372300
1 0.454563 0.416667 0.453728 0.426040 0.451304 0.434496 0.447529 0.441207 0.442773 0.445516 0.437500 0.447000 0.432227 0.445516 0.427471 0.441207 0.423696 0.434496 0.421272 0.426040 0.420437 0.416667 0.421272 0.407293 0.423696 0.398837 0.427471 0.392126 0.432227 0.387818 0.437500 0.386333 0.442773 0.387818 0.447529 0.392126 0.451304 0.398837 0.453728 0.407293
1 0.573875 0.429167 0.573318 0.435416 0.571703 0.441053 0.569186 0.445527 0.566015 0.448399 0.562500 0.449389 0.558985 0.448399 0.555814 0.445527 0.553297 0.441053 0.551682 0.435416 0.551125 0.429167 0.551682 0.422918 0.553297 0.417280 0.555814 0.412806 0.558985 0.409934 0.562500 0.408944 0.566015 0.409934 0.569186 0.412806 0.571703 0.417280 0.573318 0.422918
1 0.650019 0.368056 0.649215 0.377079 0.646882 0.385219 0.643248 0.391679 0.638669 0.395826 0.633594 0.397255 0.628518 0.395826 0.623939 0.391679 0.620306 0.385219 0.617973 0.377079 0.617169 0.368056 0.617973 0.359032 0.620306 0.350892 0.623939 0.344432 0.628518 0.340285 0.633594 0.338856 0.638669 0.340285 0.643248 0.344432 0.646882 0.350892 0.649215 0.359032
1 0.735754 0.270833 0.735189 0.277170 0.733551 0.282887 0.730999 0.287424 0.727783 0.290336 0.724219 0.291340 0.720654 0.290336 0.717439 0.287424 0.714887 0.282887 0.713248 0.277170 0.712684 0.270833 0.713248 0.264496 0.714887 0.258780 0.717439 0.254243 0.720654 0.251330 0.724219 0.250327 0.727783 0.251330 0.730999 0.254243 0.733551 0.258780 0.735189 0.264496
1 0.812684 0.373611 0.811948 0.381867 0.809814 0.389314 0.806489 0.395225 0.802300 0.399019 0.797656 0.400327 0.793012 0.399019 0.788823 0.395225 0.785499 0.389314 0.783364 0.381867 0.782629 0.373611 0.783364 0.365355 0.785499 0.357908 0.788823 0.351998 0.793012 0.348203 0.797656 0.346895 0.802300 0.348203 0.806489 0.351998 0.809814 0.357908 0.811948 0.365355
1 0.821007 0.555556 0.820323 0.563233 0.818338 0.570159 0.815246 0.575656 0.811350 0.579185 0.807031 0.580401 0.802713 0.579185 0.798817 0.575656 0.795725 0.570159 0.793740 0.563233 0.793056 0.555556 0.793740 0.547878 0.795725 0.540952 0.798817 0.535455 0.802713 0.531926 0.807031 0.530710 0.811350 0.531926 0.815246 0.535455 0.818338 0.540952 0.820323 0.547878
1 0.657129 0.568056 0.656359 0.576693 0.654126 0.584485 0.650648 0.590668 0.646265 0.594638 0.641406 0.596006 0.636548 0.594638 0.632165 0.590668 0.628687 0.584485 0.626453 0.576693 0.625684 0.568056 0.626453 0.559418 0.628687 0.551626 0.632165 0.545443 0.636548 0.541473 0.641406 0.540105 0.646265 0.541473 0.650648 0.545443 0.654126 0.551626 0.656359 0.559418
1 0.584288 0.594444 0.583604 0.602122 0.581619 0.609048 0.578527 0.614545 0.574631 0.618074 0.570312 0.619290 0.565994 0.618074 0.562098 0.614545 0.559006 0.609048 0.557021 0.602122 0.556337 0.594444 0.557021 0.586767 0.559006 0.579841 0.562098 0.574344 0.565994 0.570815 0.570312 0.569599 0.574631 0.570815 0.578527 0.574344 0.581619 0.579841 0.583604 0.586767
1 0.506434 0.751389 0.505698 0.759645 0.503564 0.767092 0.500239 0.773002 0.496050 0.776797 0.491406 0.778105 0.486762 0.776797 0.482573 0.773002 0.479249 0.767092 0.477114 0.759645 0.476379 0.751389 0.477114 0.743133 0.479249 0.735686 0.482573 0.729775 0.486762 0.725981 0.491406 0.724673 0.496050 0.725981 0.500239 0.729775 0.503564 0.735686 0.505698 0.743133
1 0.373781 0.643056 0.373075 0.650969 0.371029 0.658109 0.367842 0.663774 0.363827 0.667412 0.359375 0.668665 0.354923 0.667412 0.350908 0.663774 0.347721 0.658109 0.345675 0.650969 0.344969 0.643056 0.345675 0.635142 0.347721 0.628002 0.350908 0.622337 0.354923 0.618699 0.359375 0.617446 0.363827 0.618699 0.367842 0.622337 0.371029 0.628002 0.373075 0.635142
1 0.291428 0.626389 0.290739 0.634126 0.288738 0.641106 0.285622 0.646646 0.281696 0.650202 0.277344 0.651427 0.272991 0.650202 0.269065 0.646646 0.265949 0.641106 0.263949 0.634126 0.263260 0.626389 0.263949 0.618652 0.265949 0.611672 0.269065 0.606132 0.272991 0.602576 0.277344 0.601350 0.281696 0.602576 0.285622 0.606132 0.288738 0.611672 0.290739 0.618652
