0 0.514664 0.305556 0.514252 0.310178 0.513057 0.314348 0.511196 0.317657 0.508850 0.319782 0.506250 0.320514 0.503650 0.319782 0.501304 0.317657 0.499443 0.314348 0.498248 0.310178 0.497836 0.305556 0.498248 0.300933 0.499443 0.296763 0.501304 0.293454 0.503650 0.291329 0.506250 0.290597 0.508850 0.291329 0.511196 0.293454 0.513057 0.296763 0.514252 0.300933
0 0.448437 0.558333 0.448055 0.562625 0.446945 0.566497 0.445217 0.569569 0.443039 0.571542 0.440625 0.572222 0.438211 0.571542 0.436033 0.569569 0.434305 0.566497 0.433195 0.562625 0.432813 0.558333 0.433195 0.554041 0.434305 0.550170 0.436033 0.547097 0.438211 0.545124 0.440625 0.544445 0.443039 0.545124 0.445217 0.547097 0.446945 0.550170 0.448055 0.554041
0 0.745351 0.606944 0.744967 0.611258 0.743852 0.615149 0.742115 0.618237 0.739926 0.620219 0.737500 0.620902 0.735074 0.620219 0.732885 0.618237 0.731148 0.615149 0.730033 0.611258 0.729649 0.606944 0.730033 0.602631 0.731148 0.598740 0.732885 0.595652 0.735074 0.593669 0.737500 0.592986 0.739926 0.593669 0.742115 0.595652 0.743852 0.598740 0.744967 0.602631
1 0.284396 0.411111 0.283668 0.419277 0.281557 0.426644 0.278268 0.432490 0.274125 0.436243 0.269531 0.437537 0.264938 0.436243 0.260794 0.432490 0.257506 0.426644 0.255394 0.419277 0.254667 0.411111 0.255394 0.402945 0.257506 0.395579 0.260794 0.389733 0.264938 0.385979 0.269531 0.384686 0.274125 0.385979 0.278268 0.389733 0.281557 0.395579 0.283668 0.402945
1 0.371875 0.376389 0.371110 0.384973 0.368891 0.392716 0.365434 0.398862 0.361078 0.402807 0.356250 0.404167 0.351422 0.402807 0.347066 0.398862 0.343609 0.392716 0.341390 0.384973 0.340625 0.376389 0.341390 0.367805 0.343609 0.360062 0.347066 0.353916 0.351422 0.349971 0.356250 0.348611 0.361078 0.349971 0.365434 0.353916 0.368891 0.360062 0.371110 0.367805
1 0.449330 0.409722 0.448789 0.415792 0.447220 0.421267 0.444775 0.425613 0.441695 0.428403 0.438281 0.429364 0.434867 0.428403 0.431787 0.425613 0.429343 0.421267 0.427773 0.415792 0.427233 0.409722 0.427773 0.403653 0.429343 0.398177 0.431787 0.393832 0.434867 0.391042 0.438281 0.390080 0.441695 0.391042 0.444775 0.393832 0.447220 0.398177 0.448789 0.403653
1 0.587500 0.431944 0.586888 0.438811 0.585113 0.445006 0.582347 0.449923 0.578863 0.453079 0.575000 0.454167 0.571137 0.453079 0.567653 0.449923 0.564887 0.445006 0.563112 0.438811 0.562500 0.431944 0.563112 0.425077 0.564887 0.418882 0.567653 0.413966 0.571137 0.410810 0.575000 0.409722 0.578863 0.410810 0.582347 0.413966 0.585113 0.418882 0.586888 0.425077
1 0.646094 0.369444 0.645520 0.375882 0.643856 0.381690 0.641263 0.386299 0.637996 0.389258 0.634375 0.390278 0.630754 0.389258 0.627487 0.386299 0.624894 0.381690 0.623230 0.375882 0.622656 0.369444 0.623230 0.363007 0.624894 0.357199 0.627487 0.352590 0.630754 0.349631 0.634375 0.348611 0.637996 0.349631 0.641263 0.352590 0.643856 0.357199 0.645520 0.363007
1 0.740604 0.277778 0.739879 0.285921 0.737773 0.293267 0.734494 0.299097 0.730362 0.302840 0.725781 0.304130 0.721201 0.302840 0.717068 0.299097 0.713789 0.293267 0.711684 0.285921 0.710958 0.277778 0.711684 0.269634 0.713789 0.262288 0.717068 0.256458 0.721201 0.252715 0.725781 0.251425 0.730362 0.252715 0.734494 0.256458 0.737773 0.262288 0.739879 0.269634
1 0.811600 0.375000 0.810726 0.384806 0.808191 0.393652 0.804242 0.400672 0.799266 0.405179 0.793750 0.406733 0.788234 0.405179 0.783258 0.400672 0.779309 0.393652 0.776774 0.384806 0.775900 0.375000 0.776774 0.365194 0.779309 0.356348 0.783258 0.349328 0.788234 0.344821 0.793750 0.343267 0.799266 0.344821 0.804242 0.349328 0.808191 0.356348 0.810726 0.365194
1 0.814608 0.547222 0.813854 0.555676 0.811669 0.563303 0.808264 0.569355 0.803974 0.573241 0.799219 0.574580 0.794463 0.573241 0.790173 0.569355 0.786769 0.563303 0.784583 0.555676 0.783830 0.547222 0.784583 0.538768 0.786769 0.531141 0.790173 0.525089 0.794463 0.521203 0.799219 0.519864 0.803974 0.521203 0.808264 0.525089 0.811669 0.531141 0.813854 0.538768
1 0.665049 0.568056 0.664389 0.575465 0.662473 0.582148 0.659490 0.587453 0.655730 0.590858 0.651563 0.592031 0.647395 0.590858 0.643635 0.587453 0.640652 0.582148 0.638736 0.575465 0.638076 0.568056 0.638736 0.560647 0.640652 0.553963 0.643635 0.548659 0.647395 0.545253 0.651563 0.544080 0.655730 0.545253 0.659490 0.548659 0.662473 0.553963 0.664389 0.560647
1 0.597656 0.593056 0.596892 0.601639 0.594672 0.609383 0.591215 0.615528 0.586860 0.619474 0.582031 0.620833 0.577203 0.619474 0.572847 0.615528 0.569390 0.609383 0.567171 0.601639 0.566406 0.593056 0.567171 0.584472 0.569390 0.576728 0.572847 0.570583 0.577203 0.566637 0.582031 0.565278 0.586860 0.566637 0.591215 0.570583 0.594672 0.576728 0.596892 0.584472
1 0.511742 0.755556 0.511091 0.762864 0.509201 0.769458 0.506258 0.774691 0.502549 0.778050 0.498437 0.779208 0.494326 0.778050 0.490617 0.774691 0.487674 0.769458 0.485784 0.762864 0.485133 0.755556 0.485784 0.748247 0.487674 0.741653 0.490617 0.736420 0.494326 0.733061 0.498437 0.731903 0.502549 0.733061 0.506258 0.736420 0.509201 0.741653 0.511091 0.748247
1 0.371191 0.655556 0.370574 0.662476 0.368785 0.668719 0.365998 0.673674 0.362486 0.676855 0.358594 0.677951 0.354701 0.676855 0.351189 0.673674 0.348402 0.668719 0.346613 0.662476 0.345996 0.655556 0.346613 0.648635 0.348402 0.642392 0.351189 0.637437 0.354701 0.634256 0.358594 0.633160 0.362486 0.634256 0.365998 0.637437 0.368785 0.642392 0.370574 0.648635
1 0.290532 0.630556 0.289733 0.639517 0.287416 0.647602 0.283807 0.654018 0.279260 0.658137 0.274219 0.659556 0.269178 0.658137 0.264630 0.654018 0.261021 0.647602 0.258704 0.639517 0.257906 0.630556 0.258704 0.621594 0.261021 0.613509 0.264630 0.607093 0.269178 0.602974 0.274219 0.601555 0.279260 0.602974 0.283807 0.607093 0.287416 0.613509 0.289733 0.621594
