1 0.347719 0.227778 0.346760 0.238542 0.343977 0.248252 0.339642 0.255959 0.334180 0.260906 0.328125 0.262611 0.322070 0.260906 0.316608 0.255959 0.312273 0.248252 0.309490 0.238542 0.308531 0.227778 0.309490 0.217014 0.312273 0.207303 0.316608 0.199597 0.322070 0.194649 0.328125 0.192944 0.334180 0.194649 0.339642 0.199597 0.343977 0.207303 0.346760 0.217014
1 0.798765 0.218056 0.797755 0.229395 0.794823 0.239624 0.790257 0.247742 0.784503 0.252954 0.778125 0.254750 0.771747 0.252954 0.765993 0.247742 0.761427 0.239624 0.758495 0.229395 0.757485 0.218056 0.758495 0.206717 0.761427 0.196487 0.765993 0.188370 0.771747 0.183158 0.778125 0.181362 0.784503 0.183158 0.790257 0.188370 0.794823 0.196487 0.797755 0.206717
1 0.850387 0.452778 0.849412 0.463720 0.846583 0.473591 0.842176 0.481425 0.836624 0.486455 0.830469 0.488188 0.824314 0.486455 0.818761 0.481425 0.814355 0.473591 0.811526 0.463720 0.810551 0.452778 0.811526 0.441836 0.814355 0.431965 0.818761 0.424131 0.824314 0.419101 0.830469 0.417368 0.836624 0.419101 0.842176 0.424131 0.846583 0.431965 0.849412 0.441836
1 0.791839 0.679167 0.790862 0.690134 0.788026 0.700028 0.783610 0.707880 0.778044 0.712921 0.771875 0.714658 0.765706 0.712921 0.760140 0.707880 0.755724 0.700028 0.752888 0.690134 0.751911 0.679167 0.752888 0.668199 0.755724 0.658305 0.760140 0.650453 0.765706 0.645412 0.771875 0.643675 0.778044 0.645412 0.783610 0.650453 0.788026 0.658305 0.790862 0.668199
1 0.550697 0.616667 0.549631 0.628638 0.546536 0.639437 0.541715 0.648008 0.535640 0.653510 0.528906 0.655406 0.522172 0.653510 0.516098 0.648008 0.511277 0.639437 0.508182 0.628638 0.507115 0.616667 0.508182 0.604695 0.511277 0.593896 0.516098 0.585326 0.522172 0.579823 0.528906 0.577927 0.535640 0.579823 0.541715 0.585326 0.546536 0.593896 0.549631 0.604695
1 0.362694 0.640278 0.361691 0.651543 0.358778 0.661706 0.354241 0.669772 0.348524 0.674950 0.342187 0.676734 0.335850 0.674950 0.330134 0.669772 0.325597 0.661706 0.322684 0.651543 0.321681 0.640278 0.322684 0.629012 0.325597 0.618849 0.330134 0.610784 0.335850 0.605605 0.342187 0.603821 0.348524 0.605605 0.354241 0.610784 0.358778 0.618849 0.361691 0.629012
0 0.532096 0.434722 0.531634 0.439908 0.530293 0.444586 0.528205 0.448299 0.525573 0.450683 0.522656 0.451504 0.519739 0.450683 0.517107 0.448299 0.515019 0.444586 0.513678 0.439908 0.513216 0.434722 0.513678 0.429536 0.515019 0.424858 0.517107 0.421145 0.519739 0.418761 0.522656 0.417940 0.525573 0.418761 0.528205 0.421145 0.530293 0.424858 0.531634 0.429536
0 0.634882 0.433333 0.634399 0.438762 0.632995 0.443660 0.630809 0.447546 0.628054 0.450042 0.625000 0.450902 0.621946 0.450042 0.619191 0.447546 0.617005 0.443660 0.615601 0.438762 0.615118 0.433333 0.615601 0.427904 0.617005 0.423007 0.619191 0.419120 0.621946 0.416625 0.625000 0.415765 0.628054 0.416625 0.630809 0.419120 0.632995 0.423007 0.634399 0.427904
0 0.701107 0.666667 0.700594 0.672425 0.699105 0.677620 0.696786 0.681742 0.693864 0.684389 0.690625 0.685301 0.687386 0.684389 0.684464 0.681742 0.682145 0.677620 0.680656 0.672425 0.680143 0.666667 0.680656 0.660909 0.682145 0.655714 0.684464 0.651591 0.687386 0.648945 0.690625 0.648033 0.693864 0.648945 0.696786 0.651591 0.699105 0.655714 0.700594 0.660909
0 0.919660 0.248611 0.919195 0.253833 0.917845 0.258543 0.915743 0.262281 0.913093 0.264681 0.910156 0.265508 0.907219 0.264681 0.904570 0.262281 0.902467 0.258543 0.901117 0.253833 0.900652 0.248611 0.901117 0.243390 0.902467 0.238680 0.904570 0.234942 0.907219 0.232542 0.910156 0.231715 0.913093 0.232542 0.915743 0.234942 0.917845 0.238680 0.919195 0.243390
