0 0.504731 0.311111 0.504385 0.314998 0.503380 0.318504 0.501815 0.321286 0.499843 0.323073 0.497656 0.323688 0.495470 0.323073 0.493498 0.321286 0.491933 0.318504 0.490928 0.314998 0.490582 0.311111 0.490928 0.307225 0.491933 0.303719 0.493498 0.300936 0.495470 0.299150 0.497656 0.298534 0.499843 0.299150 0.501815 0.300936 0.503380 0.303719 0.504385 0.307225
0 0.438324 0.555556 0.437978 0.559442 0.436973 0.562948 0.435408 0.565730 0.433436 0.567517 0.431250 0.568132 0.429064 0.567517 0.427092 0.565730 0.425527 0.562948 0.424522 0.559442 0.424176 0.555556 0.424522 0.551669 0.425527 0.548163 0.427092 0.545381 0.429064 0.543594 0.431250 0.542979 0.433436 0.543594 0.435408 0.545381 0.436973 0.548163 0.437978 0.551669
0 0.741876 0.611111 0.741356 0.616949 0.739847 0.622215 0.737496 0.626394 0.734534 0.629077 0.731250 0.630002 0.727966 0.629077 0.725004 0.626394 0.722653 0.622215 0.721144 0.616949 0.720624 0.611111 0.721144 0.605273 0.722653 0.600007 0.725004 0.595828 0.727966 0.593145 0.731250 0.592220 0.734534 0.593145 0.737496 0.595828 0.739847 0.600007 0.741356 0.605273
1 0.294029 0.419444 0.293327 0.427323 0.291290 0.434431 0.288117 0.440072 0.284119 0.443693 0.279687 0.444941 0.275256 0.443693 0.271258 0.440072 0.268085 0.434431 0.266048 0.427323 0.265346 0.419444 0.266048 0.411566 0.268085 0.404458 0.271258 0.398817 0.275256 0.395196 0.279687 0.393948 0.284119 0.395196 0.288117 0.398817 0.291290 0.404458 0.293327 0.411566
1 0.369811 0.377778 0.369109 0.385657 0.367072 0.392764 0.363899 0.398405 0.359901 0.402026 0.355469 0.403274 0.351037 0.402026 0.347039 0.398405 0.343866 0.392764 0.341829 0.385657 0.341127 0.377778 0.341829 0.369899 0.343866 0.362791 0.347039 0.357151 0.351037 0.353529 0.355469 0.352281 0.359901 0.353529 0.363899 0.357151 0.367072 0.362791 0.369109 0.369899
1 0.448899 0.415278 0.448112 0.424115 0.445827 0.432088 0.442268 0.438415 0.437784 0.442477 0.432812 0.443877 0.427841 0.442477 0.423357 0.438415 0.419798 0.432088 0.417513 0.424115 0.416726 0.415278 0.417513 0.406440 0.419798 0.398468 0.423357 0.392141 0.427841 0.388079 0.432812 0.386679 0.437784 0.388079 0.442268 0.392141 0.445827 0.398468 0.448112 0.406440
1 0.578194 0.422222 0.577540 0.429556 0.575644 0.436172 0.572691 0.441423 0.568969 0.444794 0.564844 0.445956 0.560718 0.444794 0.556997 0.441423 0.554043 0.436172 0.552147 0.429556 0.551494 0.422222 0.552147 0.414888 0.554043 0.408272 0.556997 0.403022 0.560718 0.399650 0.564844 0.398489 0.568969 0.399650 0.572691 0.403022 0.575644 0.408272 0.577540 0.414888
1 0.643323 0.366667 0.642809 0.372441 0.641316 0.377650 0.638991 0.381784 0.636060 0.384438 0.632812 0.385352 0.629565 0.384438 0.626634 0.381784 0.624309 0.377650 0.622816 0.372441 0.622302 0.366667 0.622816 0.360893 0.624309 0.355684 0.626634 0.351550 0.629565 0.348896 0.632812 0.347981 0.636060 0.348896 0.638991 0.351550 0.641316 0.355684 0.642809 0.360893
1 0.740325 0.280556 0.739536 0.289404 0.737249 0.297385 0.733686 0.303720 0.729196 0.307787 0.724219 0.309188 0.719242 0.307787 0.714752 0.303720 0.711189 0.297385 0.708901 0.289404 0.708113 0.280556 0.708901 0.271708 0.711189 0.263726 0.714752 0.257391 0.719242 0.253324 0.724219 0.251923 0.729196 0.253324 0.733686 0.257391 0.737249 0.263726 0.739536 0.271708
1 0.809920 0.372222 0.809167 0.380676 0.806981 0.388303 0.803577 0.394355 0.799287 0.398241 0.794531 0.399580 0.789776 0.398241 0.785486 0.394355 0.782081 0.388303 0.779896 0.380676 0.779142 0.372222 0.779896 0.363768 0.782081 0.356142 0.785486 0.350089 0.789776 0.346203 0.794531 0.344864 0.799287 0.346203 0.803577 0.350089 0.806981 0.356142 0.809167 0.363768
1 0.817274 0.547222 0.816582 0.554995 0.814572 0.562007 0.811442 0.567572 0.807497 0.571145 0.803125 0.572376 0.798753 0.571145 0.794808 0.567572 0.791678 0.562007 0.789668 0.554995 0.788976 0.547222 0.789668 0.539449 0.791678 0.532437 0.794808 0.526872 0.798753 0.523299 0.803125 0.522068 0.807497 0.523299 0.811442 0.526872 0.814572 0.532437 0.816582 0.539449
1 0.654756 0.570833 0.654103 0.578167 0.652207 0.584783 0.649253 0.590034 0.645532 0.593405 0.641406 0.594567 0.637281 0.593405 0.633559 0.590034 0.630606 0.584783 0.628710 0.578167 0.628056 0.570833 0.628710 0.563499 0.630606 0.556883 0.633559 0.551633 0.637281 0.548262 0.641406 0.547100 0.645532 0.548262 0.649253 0.551633 0.652207 0.556883 0.654103 0.563499
1 0.586483 0.601389 0.585729 0.609843 0.583544 0.617469 0.580139 0.623522 0.575849 0.627408 0.571094 0.628747 0.566338 0.627408 0.562048 0.623522 0.558644 0.617469 0.556458 0.609843 0.555705 0.601389 0.556458 0.592935 0.558644 0.585308 0.562048 0.579256 0.566338 0.575370 0.571094 0.574031 0.575849 0.575370 0.580139 0.579256 0.583544 0.585308 0.585729 0.592935
1 0.502257 0.759722 0.501573 0.767400 0.499588 0.774326 0.496496 0.779822 0.492600 0.783351 0.488281 0.784567 0.483963 0.783351 0.480067 0.779822 0.476975 0.774326 0.474990 0.767400 0.474306 0.759722 0.474990 0.752045 0.476975 0.745119 0.480067 0.739622 0.483963 0.736093 0.488281 0.734877 0.492600 0.736093 0.496496 0.739622 0.499588 0.745119 0.501573 0.752045
1 0.371516 0.644444 0.370692 0.653689 0.368302 0.662030 0.364579 0.668648 0.359888 0.672898 0.354687 0.674362 0.349487 0.672898 0.344796 0.668648 0.341073 0.662030 0.338683 0.653689 0.337859 0.644444 0.338683 0.635199 0.341073 0.626859 0.344796 0.620241 0.349487 0.615991 0.354687 0.614527 0.359888 0.615991 0.364579 0.620241 0.368302 0.626859 0.370692 0.635199
1 0.297678 0.623611 0.296989 0.631348 0.294988 0.638328 0.291872 0.643868 0.287946 0.647424 0.283594 0.648650 0.279241 0.647424 0.275315 0.643868 0.272199 0.638328 0.270199 0.631348 0.269510 0.623611 0.270199 0.615874 0.272199 0.608894 0.275315 0.603354 0.279241 0.599798 0.283594 0.598573 0.287946 0.599798 0.291872 0.603354 0.294988 0.608894 0.296989 0.615874
