1 0.335956 0.636111 0.335152 0.645134 0.332819 0.653274 0.329186 0.659734 0.324607 0.663882 0.319531 0.665311 0.314456 0.663882 0.309877 0.659734 0.306243 0.653274 0.303910 0.645134 0.303106 0.636111 0.303910 0.627088 0.306243 0.618948 0.309877 0.612488 0.314456 0.608341 0.319531 0.606911 0.324607 0.608341 0.329186 0.612488 0.332819 0.618948 0.335152 0.627088
1 0.320562 0.227778 0.319479 0.239932 0.316337 0.250897 0.311442 0.259599 0.305274 0.265185 0.298438 0.267111 0.291601 0.265185 0.285433 0.259599 0.280538 0.250897 0.277396 0.239932 0.276313 0.227778 0.277396 0.215623 0.280538 0.204659 0.285433 0.195957 0.291601 0.190370 0.298438 0.188445 0.305274 0.190370 0.311442 0.195957 0.316337 0.204659 0.319479 0.215623
1 0.754139 0.244444 0.753172 0.255302 0.750365 0.265097 0.745992 0.272870 0.740482 0.277861 0.734375 0.279581 0.728268 0.277861 0.722758 0.272870 0.718385 0.265097 0.715578 0.255302 0.714611 0.244444 0.715578 0.233587 0.718385 0.223792 0.722758 0.216018 0.728268 0.211028 0.734375 0.209308 0.740482 0.211028 0.745992 0.216018 0.750365 0.223792 0.753172 0.233587
1 0.797244 0.450000 0.796385 0.459645 0.793891 0.468346 0.790007 0.475251 0.785113 0.479684 0.779687 0.481211 0.774262 0.479684 0.769368 0.475251 0.765484 0.468346 0.762990 0.459645 0.762131 0.450000 0.762990 0.440355 0.765484 0.431654 0.769368 0.424749 0.774262 0.420316 0.779687 0.418789 0.785113 0.420316 0.790007 0.424749 0.793891 0.431654 0.796385 0.440355
1 0.746200 0.656944 0.745354 0.666445 0.742897 0.675016 0.739071 0.681817 0.734250 0.686184 0.728906 0.687689 0.723562 0.686184 0.718741 0.681817 0.714915 0.675016 0.712459 0.666445 0.711613 0.656944 0.712459 0.647444 0.714915 0.638873 0.718741 0.632072 0.723562 0.627705 0.728906 0.626200 0.734250 0.627705 0.739071 0.632072 0.742897 0.638873 0.745354 0.647444
1 0.527361 0.601389 0.526519 0.610841 0.524076 0.619368 0.520269 0.626134 0.515473 0.630479 0.510156 0.631976 0.504840 0.630479 0.500043 0.626134 0.496237 0.619368 0.493793 0.610841 0.492951 0.601389 0.493793 0.591937 0.496237 0.583410 0.500043 0.576643 0.504840 0.572299 0.510156 0.570802 0.515473 0.572299 0.520269 0.576643 0.524076 0.583410 0.526519 0.591937
0 0.511567 0.434722 0.511078 0.440219 0.509657 0.445177 0.507443 0.449112 0.504654 0.451638 0.501563 0.452509 0.498471 0.451638 0.495682 0.449112 0.493468 0.445177 0.492047 0.440219 0.491558 0.434722 0.492047 0.429226 0.493468 0.424268 0.495682 0.420333 0.498471 0.417806 0.501563 0.416936 0.504654 0.417806 0.507443 0.420333 0.509657 0.424268 0.511078 0.429226
0 0.611251 0.431944 0.610815 0.436838 0.609550 0.441252 0.607580 0.444756 0.605096 0.447005 0.602344 0.447780 0.599591 0.447005 0.597108 0.444756 0.595137 0.441252 0.593872 0.436838 0.593436 0.431944 0.593872 0.427051 0.595137 0.422636 0.597108 0.419133 0.599591 0.416884 0.602344 0.416109 0.605096 0.416884 0.607580 0.419133 0.609550 0.422636 0.610815 0.427051
0 0.672229 0.648611 0.671715 0.654385 0.670222 0.659594 0.667897 0.663728 0.664967 0.666382 0.661719 0.667297 0.658471 0.666382 0.655541 0.663728 0.653215 0.659594 0.651723 0.654385 0.651208 0.648611 0.651723 0.642837 0.653215 0.637628 0.655541 0.633494 0.658471 0.630840 0.661719 0.629926 0.664967 0.630840 0.667897 0.633494 0.670222 0.637628 0.671715 0.642837
0 0.858626 0.273611 0.858166 0.278779 0.856830 0.283441 0.854748 0.287141 0.852126 0.289517 0.849219 0.290336 0.846312 0.289517 0.843689 0.287141 0.841608 0.283441 0.840272 0.278779 0.839811 0.273611 0.840272 0.268443 0.841608 0.263781 0.843689 0.260081 0.846312 0.257705 0.849219 0.256887 0.852126 0.257705 0.854748 0.260081 0.856830 0.263781 0.858166 0.268443
