0 0.505425 0.311111 0.505083 0.314950 0.504091 0.318413 0.502545 0.321161 0.500597 0.322926 0.498437 0.323534 0.496278 0.322926 0.494330 0.321161 0.492784 0.318413 0.491792 0.314950 0.491450 0.311111 0.491792 0.307272 0.492784 0.303809 0.494330 0.301061 0.496278 0.299297 0.498437 0.298689 0.500597 0.299297 0.502545 0.301061 0.504091 0.303809 0.505083 0.307272
0 0.438453 0.558333 0.438100 0.562290 0.437077 0.565860 0.435484 0.568693 0.433476 0.570512 0.431250 0.571138 0.429024 0.570512 0.427016 0.568693 0.425423 0.565860 0.424400 0.562290 0.424047 0.558333 0.424400 0.554376 0.425423 0.550807 0.427016 0.547974 0.429024 0.546155 0.431250 0.545528 0.433476 0.546155 0.435484 0.547974 0.437077 0.550807 0.438100 0.554376
0 0.741957 0.609722 0.741509 0.614746 0.740210 0.619277 0.738187 0.622874 0.735638 0.625183 0.732812 0.625978 0.729987 0.625183 0.727438 0.622874 0.725415 0.619277 0.724116 0.614746 0.723668 0.609722 0.724116 0.604699 0.725415 0.600167 0.727438 0.596571 0.729987 0.594262 0.732812 0.593466 0.735638 0.594262 0.738187 0.596571 0.740210 0.600167 0.741509 0.604699
1 0.293847 0.422222 0.293231 0.429143 0.291441 0.435386 0.288654 0.440340 0.285143 0.443521 0.281250 0.444617 0.277357 0.443521 0.273846 0.440340 0.271059 0.435386 0.269269 0.429143 0.268653 0.422222 0.269269 0.415302 0.271059 0.409059 0.273846 0.404104 0.277357 0.400923 0.281250 0.399827 0.285143 0.400923 0.288654 0.404104 0.291441 0.409059 0.293231 0.415302
1 0.368968 0.384722 0.368345 0.391709 0.366539 0.398012 0.363725 0.403014 0.360180 0.406225 0.356250 0.407332 0.352320 0.406225 0.348775 0.403014 0.345961 0.398012 0.344155 0.391709 0.343532 0.384722 0.344155 0.377736 0.345961 0.371433 0.348775 0.366431 0.352320 0.363220 0.356250 0.362113 0.360180 0.363220 0.363725 0.366431 0.366539 0.371433 0.368345 0.377736
1 0.450000 0.416667 0.449350 0.423963 0.447464 0.430545 0.444525 0.435768 0.440823 0.439122 0.436719 0.440278 0.432615 0.439122 0.428912 0.435768 0.425974 0.430545 0.424088 0.423963 0.423438 0.416667 0.424088 0.409370 0.425974 0.402788 0.428912 0.397565 0.432615 0.394211 0.436719 0.393056 0.440823 0.394211 0.444525 0.397565 0.447464 0.402788 0.449350 0.409370
1 0.574704 0.427778 0.574106 0.434482 0.572373 0.440530 0.569673 0.445330 0.566271 0.448411 0.562500 0.449473 0.558729 0.448411 0.555327 0.445330 0.552627 0.440530 0.550894 0.434482 0.550296 0.427778 0.550894 0.421074 0.552627 0.415026 0.555327 0.410226 0.558729 0.407145 0.562500 0.406083 0.566271 0.407145 0.569673 0.410226 0.572373 0.415026 0.574106 0.421074
1 0.642215 0.368056 0.641679 0.374080 0.640121 0.379514 0.637695 0.383827 0.634638 0.386596 0.631250 0.387550 0.627862 0.386596 0.624805 0.383827 0.622379 0.379514 0.620821 0.374080 0.620285 0.368056 0.620821 0.362032 0.622379 0.356598 0.624805 0.352285 0.627862 0.349516 0.631250 0.348562 0.634638 0.349516 0.637695 0.352285 0.640121 0.356598 0.641679 0.362032
1 0.738304 0.270833 0.737653 0.278142 0.735763 0.284735 0.732820 0.289968 0.729111 0.293327 0.725000 0.294485 0.720889 0.293327 0.717180 0.289968 0.714237 0.284735 0.712347 0.278142 0.711696 0.270833 0.712347 0.263524 0.714237 0.256931 0.717180 0.251699 0.720889 0.248339 0.725000 0.247182 0.729111 0.248339 0.732820 0.251699 0.735763 0.256931 0.737653 0.263524
1 0.813132 0.373611 0.812336 0.382542 0.810027 0.390599 0.806430 0.396992 0.801899 0.401098 0.796875 0.402512 0.791851 0.401098 0.787320 0.396992 0.783723 0.390599 0.781414 0.382542 0.780618 0.373611 0.781414 0.364680 0.783723 0.356624 0.787320 0.350230 0.791851 0.346125 0.796875 0.344710 0.801899 0.346125 0.806430 0.350230 0.810027 0.356624 0.812336 0.364680
1 0.814280 0.548611 0.813658 0.555598 0.811851 0.561901 0.809038 0.566903 0.805492 0.570114 0.801562 0.571221 0.797632 0.570114 0.794087 0.566903 0.791274 0.561901 0.789467 0.555598 0.788845 0.548611 0.789467 0.541625 0.791274 0.535322 0.794087 0.530320 0.797632 0.527108 0.801562 0.526002 0.805492 0.527108 0.809038 0.530320 0.811851 0.535322 0.813658 0.541625
1 0.658345 0.565278 0.657631 0.573296 0.655558 0.580529 0.652329 0.586269 0.648260 0.589955 0.643750 0.591225 0.639240 0.589955 0.635171 0.586269 0.631942 0.580529 0.629869 0.573296 0.629155 0.565278 0.629869 0.557260 0.631942 0.550027 0.635171 0.544286 0.639240 0.540601 0.643750 0.539331 0.648260 0.540601 0.652329 0.544286 0.655558 0.550027 0.657631 0.557260
1 0.588938 0.591667 0.588103 0.601040 0.585679 0.609496 0.581904 0.616207 0.577148 0.620516 0.571875 0.622000 0.566602 0.620516 0.561846 0.616207 0.558071 0.609496 0.555647 0.601040 0.554812 0.591667 0.555647 0.582293 0.558071 0.573837 0.561846 0.567126 0.566602 0.562817 0.571875 0.561333 0.577148 0.562817 0.581904 0.567126 0.585679 0.573837 0.588103 0.582293
1 0.500485 0.754167 0.499887 0.760871 0.498154 0.766919 0.495454 0.771718 0.492052 0.774800 0.488281 0.775862 0.484510 0.774800 0.481108 0.771718 0.478408 0.766919 0.476675 0.760871 0.476078 0.754167 0.476675 0.747463 0.478408 0.741415 0.481108 0.736615 0.484510 0.733534 0.488281 0.732472 0.492052 0.733534 0.495454 0.736615 0.498154 0.741415 0.499887 0.747463
1 0.373460 0.638889 0.372809 0.646198 0.370919 0.652791 0.367976 0.658024 0.364267 0.661383 0.360156 0.662541 0.356045 0.661383 0.352336 0.658024 0.349393 0.652791 0.347503 0.646198 0.346852 0.638889 0.347503 0.631580 0.349393 0.624987 0.352336 0.619754 0.356045 0.616395 0.360156 0.615237 0.364267 0.616395 0.367976 0.619754 0.370919 0.624987 0.372809 0.631580
1 0.290625 0.620833 0.290090 0.626842 0.288536 0.632262 0.286116 0.636564 0.283067 0.639326 0.279687 0.640278 0.276308 0.639326 0.273259 0.636564 0.270839 0.632262 0.269285 0.626842 0.268750 0.620833 0.269285 0.614825 0.270839 0.609404 0.273259 0.605102 0.276308 0.602341 0.279687 0.601389 0.283067 0.602341 0.286116 0.605102 0.288536 0.609404 0.290090 0.614825
