0 0.503863 0.311111 0.503521 0.314950 0.502528 0.318413 0.500982 0.321161 0.499034 0.322926 0.496875 0.323534 0.494716 0.322926 0.492768 0.321161 0.491222 0.318413 0.490229 0.314950 0.489887 0.311111 0.490229 0.307272 0.491222 0.303809 0.492768 0.301061 0.494716 0.299297 0.496875 0.298689 0.499034 0.299297 0.500982 0.301061 0.502528 0.303809 0.503521 0.307272
0 0.439985 0.558333 0.439557 0.563132 0.438316 0.567461 0.436384 0.570896 0.433949 0.573102 0.431250 0.573862 0.428551 0.573102 0.426116 0.570896 0.424184 0.567461 0.422943 0.563132 0.422515 0.558333 0.422943 0.553535 0.424184 0.549206 0.426116 0.545771 0.428551 0.543565 0.431250 0.542805 0.433949 0.543565 0.436384 0.545771 0.438316 0.549206 0.439557 0.553535
0 0.740361 0.609722 0.739915 0.614727 0.738621 0.619243 0.736605 0.622826 0.734065 0.625127 0.731250 0.625919 0.728435 0.625127 0.725895 0.622826 0.723879 0.619243 0.722585 0.614727 0.722139 0.609722 0.722585 0.604717 0.723879 0.600202 0.725895 0.596619 0.728435 0.594318 0.731250 0.593525 0.734065 0.594318 0.736605 0.596619 0.738621 0.600202 0.739915 0.604717
1 0.291498 0.415278 0.290843 0.422624 0.288944 0.429252 0.285985 0.434511 0.282257 0.437888 0.278125 0.439052 0.273993 0.437888 0.270265 0.434511 0.267306 0.429252 0.265407 0.422624 0.264752 0.415278 0.265407 0.407931 0.267306 0.401304 0.270265 0.396044 0.273993 0.392667 0.278125 0.391504 0.282257 0.392667 0.285985 0.396044 0.288944 0.401304 0.290843 0.407931
1 0.290625 0.625000 0.289975 0.632296 0.288089 0.638878 0.285150 0.644102 0.281448 0.647456 0.277344 0.648611 0.273240 0.647456 0.269537 0.644102 0.266599 0.638878 0.264713 0.632296 0.264062 0.625000 0.264713 0.617704 0.266599 0.611122 0.269537 0.605898 0.273240 0.602544 0.277344 0.601389 0.281448 0.602544 0.285150 0.605898 0.288089 0.611122 0.289975 0.617704
1 0.374288 0.637500 0.373634 0.644834 0.371738 0.651450 0.368784 0.656701 0.365063 0.660072 0.360938 0.661233 0.356812 0.660072 0.353091 0.656701 0.350137 0.651450 0.348241 0.644834 0.347587 0.637500 0.348241 0.630166 0.350137 0.623550 0.353091 0.618299 0.356812 0.614928 0.360938 0.613767 0.365063 0.614928 0.368784 0.618299 0.371738 0.623550 0.373634 0.630166
1 0.368773 0.381944 0.368122 0.389253 0.366232 0.395847 0.363289 0.401079 0.359580 0.404439 0.355469 0.405596 0.351358 0.404439 0.347649 0.401079 0.344705 0.395847 0.342816 0.389253 0.342165 0.381944 0.342816 0.374636 0.344705 0.368042 0.347649 0.362810 0.351358 0.359450 0.355469 0.358293 0.359580 0.359450 0.363289 0.362810 0.366232 0.368042 0.368122 0.374636
1 0.447337 0.416667 0.446550 0.425504 0.444265 0.433477 0.440706 0.439804 0.436221 0.443866 0.431250 0.445266 0.426279 0.443866 0.421794 0.439804 0.418235 0.433477 0.415950 0.425504 0.415163 0.416667 0.415950 0.407829 0.418235 0.399857 0.421794 0.393530 0.426279 0.389467 0.431250 0.388068 0.436221 0.389467 0.440706 0.393530 0.444265 0.399857 0.446550 0.407829
1 0.577241 0.429167 0.576519 0.437265 0.574425 0.444570 0.571164 0.450367 0.567055 0.454090 0.562500 0.455372 0.557945 0.454090 0.553836 0.450367 0.550575 0.444570 0.548481 0.437265 0.547759 0.429167 0.548481 0.421069 0.550575 0.413763 0.553836 0.407966 0.557945 0.404244 0.562500 0.402961 0.567055 0.404244 0.571164 0.407966 0.574425 0.413763 0.576519 0.421069
1 0.647491 0.369444 0.646772 0.377508 0.644688 0.384783 0.641440 0.390556 0.637348 0.394262 0.632812 0.395539 0.628277 0.394262 0.624185 0.390556 0.620937 0.384783 0.618853 0.377508 0.618134 0.369444 0.618853 0.361381 0.620937 0.354106 0.624185 0.348333 0.628277 0.344627 0.632812 0.343350 0.637348 0.344627 0.641440 0.348333 0.644688 0.354106 0.646772 0.361381
1 0.740325 0.275000 0.739536 0.283848 0.737249 0.291830 0.733686 0.298164 0.729196 0.302231 0.724219 0.303633 0.719242 0.302231 0.714752 0.298164 0.711189 0.291830 0.708901 0.283848 0.708113 0.275000 0.708901 0.266152 0.711189 0.258170 0.714752 0.251836 0.719242 0.247769 0.724219 0.246367 0.729196 0.247769 0.733686 0.251836 0.737249 0.258170 0.739536 0.266152
1 0.815212 0.377778 0.814391 0.386993 0.812008 0.395306 0.808297 0.401903 0.803621 0.406139 0.798438 0.407598 0.793254 0.406139 0.788578 0.401903 0.784867 0.395306 0.782484 0.386993 0.781663 0.377778 0.782484 0.368563 0.784867 0.360250 0.788578 0.353652 0.793254 0.349417 0.798438 0.347957 0.803621 0.349417 0.808297 0.353652 0.812008 0.360250 0.814391 0.368563
1 0.815809 0.552778 0.815073 0.561033 0.812939 0.568481 0.809614 0.574391 0.805425 0.578186 0.800781 0.579494 0.796137 0.578186 0.791948 0.574391 0.788624 0.568481 0.786489 0.561033 0.785754 0.552778 0.786489 0.544522 0.788624 0.537075 0.791948 0.531164 0.796137 0.527370 0.800781 0.526062 0.805425 0.527370 0.809614 0.531164 0.812939 0.537075 0.815073 0.544522
1 0.659920 0.568056 0.659167 0.576510 0.656981 0.584136 0.653577 0.590189 0.649287 0.594075 0.644531 0.595413 0.639776 0.594075 0.635486 0.590189 0.632081 0.584136 0.629896 0.576510 0.629142 0.568056 0.629896 0.559601 0.632081 0.551975 0.635486 0.545923 0.639776 0.542037 0.644531 0.540698 0.649287 0.542037 0.653577 0.545923 0.656981 0.551975 0.659167 0.559601
1 0.588194 0.597222 0.587510 0.604900 0.585525 0.611826 0.582433 0.617322 0.578537 0.620851 0.574219 0.622067 0.569900 0.620851 0.566004 0.617322 0.562912 0.611826 0.560927 0.604900 0.560243 0.597222 0.560927 0.589545 0.562912 0.582619 0.566004 0.577122 0.569900 0.573593 0.574219 0.572377 0.578537 0.573593 0.582433 0.577122 0.585525 0.582619 0.587510 0.589545
1 0.503819 0.752778 0.503135 0.760455 0.501150 0.767381 0.498058 0.772878 0.494162 0.776407 0.489844 0.777623 0.485525 0.776407 0.481629 0.772878 0.478537 0.767381 0.476552 0.760455 0.475868 0.752778 0.476552 0.745100 0.478537 0.738174 0.481629 0.732678 0.485525 0.729149 0.489844 0.727933 0.494162 0.729149 0.498058 0.732678 0.501150 0.738174 0.503135 0.745100
