0 0.503863 0.311111 0.503521 0.314950 0.502528 0.318413 0.500982 0.321161 0.499034 0.322926 0.496875 0.323534 0.494716 0.322926 0.492768 0.321161 0.491222 0.318413 0.490229 0.314950 0.489887 0.311111 0.490229 0.307272 0.491222 0.303809 0.492768 0.301061 0.494716 0.299297 0.496875 0.298689 0.499034 0.299297 0.500982 0.301061 0.502528 0.303809 0.503521 0.307272
0 0.439985 0.558333 0.439557 0.563132 0.438316 0.567461 0.436384 0.570896 0.433949 0.573102 0.431250 0.573862 0.428551 0.573102 0.426116 0.570896 0.424184 0.567461 0.422943 0.563132 0.422515 0.558333 0.422943 0.553535 0.424184 0.549206 0.426116 0.545771 0.428551 0.543565 0.431250 0.542805 0.433949 0.543565 0.436384 0.545771 0.438316 0.549206 0.439557 0.553535
0 0.741117 0.611111 0.740711 0.615674 0.739531 0.619789 0.737694 0.623056 0.735379 0.625153 0.732812 0.625875 0.730246 0.625153 0.727931 0.623056 0.726094 0.619789 0.724914 0.615674 0.724508 0.611111 0.724914 0.606549 0.726094 0.602433 0.727931 0.599167 0.730246 0.597070 0.732812 0.596347 0.735379 0.597070 0.737694 0.599167 0.739531 0.602433 0.740711 0.606549
1 0.293354 0.422222 0.292685 0.429730 0.290744 0.436503 0.287720 0.441878 0.283911 0.445329 0.279687 0.446518 0.275464 0.445329 0.271655 0.441878 0.268631 0.436503 0.266690 0.429730 0.266021 0.422222 0.266690 0.414714 0.268631 0.407942 0.271655 0.402567 0.275464 0.399116 0.279687 0.397927 0.283911 0.399116 0.287720 0.402567 0.290744 0.407942 0.292685 0.414714
1 0.366841 0.381944 0.366246 0.388621 0.364520 0.394644 0.361831 0.399424 0.358443 0.402493 0.354687 0.403550 0.350932 0.402493 0.347544 0.399424 0.344855 0.394644 0.343129 0.388621 0.342534 0.381944 0.343129 0.375268 0.344855 0.369245 0.347544 0.364465 0.350932 0.361396 0.354687 0.360338 0.358443 0.361396 0.361831 0.364465 0.364520 0.369245 0.366246 0.375268
1 0.448978 0.416667 0.448301 0.424260 0.446338 0.431110 0.443280 0.436546 0.439427 0.440036 0.435156 0.441239 0.430885 0.440036 0.427032 0.436546 0.423974 0.431110 0.422011 0.424260 0.421335 0.416667 0.422011 0.409074 0.423974 0.402224 0.427032 0.396788 0.430885 0.393297 0.435156 0.392095 0.439427 0.393297 0.443280 0.396788 0.446338 0.402224 0.448301 0.409074
1 0.575000 0.429167 0.574350 0.436463 0.572464 0.443045 0.569525 0.448268 0.565823 0.451622 0.561719 0.452778 0.557615 0.451622 0.553912 0.448268 0.550974 0.443045 0.549088 0.436463 0.548438 0.429167 0.549088 0.421870 0.550974 0.415288 0.553912 0.410065 0.557615 0.406711 0.561719 0.405556 0.565823 0.406711 0.569525 0.410065 0.572464 0.415288 0.574350 0.421870
1 0.647678 0.368056 0.646989 0.375793 0.644988 0.382773 0.641872 0.388312 0.637946 0.391869 0.633594 0.393094 0.629241 0.391869 0.625315 0.388312 0.622199 0.382773 0.620199 0.375793 0.619510 0.368056 0.620199 0.360318 0.622199 0.353338 0.625315 0.347799 0.629241 0.344242 0.633594 0.343017 0.637946 0.344242 0.641872 0.347799 0.644988 0.353338 0.646989 0.360318
1 0.736742 0.269444 0.736091 0.276753 0.734201 0.283347 0.731258 0.288579 0.727549 0.291939 0.723437 0.293096 0.719326 0.291939 0.715617 0.288579 0.712674 0.283347 0.710784 0.276753 0.710133 0.269444 0.710784 0.262136 0.712674 0.255542 0.715617 0.250310 0.719326 0.246950 0.723437 0.245793 0.727549 0.246950 0.731258 0.250310 0.734201 0.255542 0.736091 0.262136
1 0.811539 0.373611 0.810630 0.383813 0.807992 0.393016 0.803884 0.400320 0.798707 0.405009 0.792969 0.406625 0.787230 0.405009 0.782054 0.400320 0.777945 0.393016 0.775308 0.383813 0.774399 0.373611 0.775308 0.363409 0.777945 0.354206 0.782054 0.346903 0.787230 0.342213 0.792969 0.340598 0.798707 0.342213 0.803884 0.346903 0.807992 0.354206 0.810630 0.363409
1 0.816651 0.550000 0.815912 0.558289 0.813769 0.565767 0.810431 0.571701 0.806225 0.575511 0.801562 0.576824 0.796900 0.575511 0.792694 0.571701 0.789356 0.565767 0.787213 0.558289 0.786474 0.550000 0.787213 0.541711 0.789356 0.534233 0.792694 0.528299 0.796900 0.524489 0.801562 0.523176 0.806225 0.524489 0.810431 0.528299 0.813769 0.534233 0.815912 0.541711
1 0.657053 0.573611 0.656364 0.581348 0.654363 0.588328 0.651247 0.593868 0.647321 0.597424 0.642969 0.598650 0.638616 0.597424 0.634690 0.593868 0.631574 0.588328 0.629574 0.581348 0.628885 0.573611 0.629574 0.565874 0.631574 0.558894 0.634690 0.553354 0.638616 0.549798 0.642969 0.548573 0.647321 0.549798 0.651247 0.553354 0.654363 0.558894 0.656364 0.565874
1 0.586281 0.597222 0.585575 0.605136 0.583529 0.612275 0.580342 0.617941 0.576327 0.621579 0.571875 0.622832 0.567423 0.621579 0.563408 0.617941 0.560221 0.612275 0.558175 0.605136 0.557469 0.597222 0.558175 0.589308 0.560221 0.582169 0.563408 0.576503 0.567423 0.572866 0.571875 0.571612 0.576327 0.572866 0.580342 0.576503 0.583529 0.582169 0.585575 0.589308
1 0.504376 0.752778 0.503665 0.760761 0.501600 0.767963 0.498385 0.773679 0.494334 0.777348 0.489844 0.778613 0.485353 0.777348 0.481302 0.773679 0.478087 0.767963 0.476023 0.760761 0.475312 0.752778 0.476023 0.744794 0.478087 0.737592 0.481302 0.731877 0.485353 0.728207 0.489844 0.726943 0.494334 0.728207 0.498385 0.731877 0.501600 0.737592 0.503665 0.744794
1 0.370434 0.637500 0.369816 0.644434 0.368023 0.650689 0.365231 0.655653 0.361713 0.658840 0.357812 0.659938 0.353912 0.658840 0.350394 0.655653 0.347602 0.650689 0.345809 0.644434 0.345191 0.637500 0.345809 0.630566 0.347602 0.624311 0.350394 0.619347 0.353912 0.616160 0.357812 0.615062 0.361713 0.616160 0.365231 0.619347 0.368023 0.624311 0.369816 0.630566
1 0.292256 0.620833 0.291603 0.628167 0.289707 0.634783 0.286753 0.640034 0.283032 0.643405 0.278906 0.644567 0.274781 0.643405 0.271059 0.640034 0.268106 0.634783 0.266210 0.628167 0.265556 0.620833 0.266210 0.613499 0.268106 0.606883 0.271059 0.601633 0.274781 0.598262 0.278906 0.597100 0.283032 0.598262 0.286753 0.601633 0.289707 0.606883 0.291603 0.613499
